dataset:    cisosdm/SatBirdxsPlotOpen
commit:     c85af941aa40e1cecc7e24c2ea4308ea20a27f04
type:       cleaning
message:    clean up
status:     archived
hub:        reachable (HTTP 200)
generated:  2026-08-01T03:47:57Z by analysis/archive_evidence.py, wrapping inspect_commit.py --download --show_rows
============================================================
# cisosdm/SatBirdxsPlotOpen @ c85af941aa
message: clean up 

file changes:
M	satbird_splots_test_split.csv
M	satbird_splots_train_split.csv   [stored in Git LFS]
M	satbird_splots_valid_split.csv

[satbird_splots_test_split.csv] delimiter ',' at both revisions
  column change:
    removed: ['']
    added:   []
  diff --git a/satbird_splots_test_split.csv b/satbird_splots_test_split.csv
  index e634f15..b43e551 100644
  --- a/satbird_splots_test_split.csv
  +++ b/satbird_splots_test_split.csv
  @@ -1,249 +1,249 @@
  -,hotspot_id,lon,lat,county,county_code,state,state_code,num_complete_checklists,num_different_species,bio_1,bio_2,bio_3,bio_4,bio_5,bio_6,bio_7,bio_8,bio_9,bio_10,bio_11,bio_12,bio_13,bio_14,bio_15,bio_16,bio_17,bio_18,bio_19,bdticm,bldfie,cecsol,clyppt,orcdrc,phihox,sltppt,sndppt,split,bird,PlotObservationID,plant
  -0,L565015,-120.8102989,47.890622,Chelan,US-WA-007,Washington,US-WA,9.0,32.0,5.737500190734862,11.858333587646484,36.82712173461914,740.3903198242188,24.29999923706055,-7.900000095367432,32.200000762939446,-2.650000095367432,14.81666660308838,14.81666660308838,-3.1666667461395264,1249.0,230.0,22.0,72.73271179199219,649.0,92.0,92.0,598.0,2266.0,983.0,26.0,3.0,64.0,55.0,34.0,63.0,test,1,120840.0,1
  -1,L3051882,-120.6707168,48.5172497,Chelan,US-WA-007,Washington,US-WA,24.0,36.0,1.8041666746139529,11.158333778381348,34.761165618896484,739.5436401367188,20.299999237060547,-11.800000190734863,32.09999847412109,-6.349999904632568,11.133333206176758,11.133333206176758,-6.833333492279053,1127.0,163.0,41.0,46.84680557250977,479.0,142.0,142.0,436.0,1002.0,1034.0,30.0,5.0,57.0,51.0,34.0,61.0,test,1,119443.0,1
  -2,L2318016,-120.657577,48.5245072,Chelan,US-WA-007,Washington,US-WA,124.0,71.0,1.5749999284744265,11.083333015441896,34.63541793823242,737.9747924804688,20.0,-12.0,32.0,-6.5333333015441895,10.916666984558104,10.916666984558104,-7.016666889190674,1121.0,161.0,41.0,46.35501480102539,474.0,143.0,143.0,433.0,1191.0,1007.0,29.0,2.0,62.0,51.0,34.0,64.0,test,1,119443.0,1
  -3,L1352655,-119.66956670000002,41.83395,Washoe,US-NV-031,Nevada,US-NV,14.0,24.0,7.387499809265138,13.741666793823242,39.150047302246094,775.523681640625,28.20000076293945,-6.9000000953674325,35.10000228881836,-0.4833334386348725,17.466667175292972,17.466667175292972,-1.6833332777023315,327.0,37.0,11.0,29.965200424194336,106.0,45.0,45.0,97.0,3494.0,1370.0,26.0,23.0,13.0,75.0,42.0,35.0,test,1,159465.0,1
  -4,L1352657,-119.6654,41.8301,Washoe,US-NV-031,Nevada,US-NV,9.0,14.0,6.979166507720947,13.358333587646484,38.945579528808594,761.89794921875,27.60000038146973,-6.699999809265138,34.299999237060554,-0.5333332419395447,17.049999237060547,17.049999237060547,-1.7499998807907104,349.0,40.0,12.0,30.348876953125,114.0,48.0,48.0,103.0,2396.0,1296.0,30.0,25.0,17.0,71.0,39.0,35.0,test,1,159465.0,1
  -5,L1352662,-119.66361670000002,41.832667,Washoe,US-NV-031,Nevada,US-NV,9.0,16.0,6.979166507720947,13.358333587646484,38.945579528808594,761.89794921875,27.60000038146973,-6.699999809265138,34.299999237060554,-0.5333332419395447,17.049999237060547,17.049999237060547,-1.7499998807907104,349.0,40.0,12.0,30.348876953125,114.0,48.0,48.0,103.0,1948.0,1314.0,30.0,23.0,13.0,69.0,39.0,37.0,test,1,159465.0,1
  -6,L1352665,-119.66091670000002,41.836083,Washoe,US-NV-031,Nevada,US-NV,9.0,15.0,6.979166507720947,13.324999809265137,38.96199035644531,760.9427490234375,27.5,-6.699999809265138,34.200000762939446,-0.5333332419395447,17.016666412353516,17.016666412353516,-1.7499998807907104,346.0,40.0,11.0,31.2431697845459,114.0,46.0,46.0,103.0,1832.0,1318.0,33.0,25.0,13.0,68.0,38.0,37.0,test,1,159465.0,1
  -7,L1352668,-119.65665,41.840367,Washoe,US-NV-031,Nevada,US-NV,9.0,12.0,6.6500000953674325,13.016666412353516,38.6251220703125,749.4634399414062,27.0,-6.699999809265138,33.700000762939446,-0.5833333134651184,16.649999618530273,16.649999618530273,-1.8166667222976685,367.0,42.0,12.0,31.123992919921875,120.0,49.0,49.0,109.0,1673.0,1328.0,33.0,26.0,13.0,70.0,37.0,38.0,test,1,159465.0,1
  -8,L877254,-119.4802022,39.5486787,Storey,US-NV-029,Nevada,US-NV,8.0,47.0,11.258333206176758,16.41666603088379,42.20222854614258,814.0438842773438,33.5,-5.400000095367432,38.900001525878906,1.7333333492279053,21.36666679382324,21.61666679382324,1.7333333492279053,171.0,22.0,8.0,32.502490997314446,62.0,29.0,31.0,62.0,2515.0,1498.0,17.0,18.0,8.0,81.0,25.0,57.0,test,1,159755.0,1
  -9,L1361353,-119.314356,41.79913300000001,Humboldt,US-NV-013,Nevada,US-NV,9.0,10.0,6.9666666984558105,13.31666660308838,38.48747634887695,771.5283813476562,27.60000038146973,-7.0,34.59999847412109,-0.5000000596046448,17.200000762939453,17.200000762939453,-1.883333325386048,312.0,34.0,12.0,26.42615127563477,98.0,48.0,48.0,88.0,3558.0,1385.0,28.0,23.0,9.0,69.0,31.0,46.0,test,1,160321.0,1
  -10,L1361354,-119.312656,41.805999,Humboldt,US-NV-013,Nevada,US-NV,9.0,7.0,6.950000286102295,13.31666660308838,38.48747634887695,771.8189697265625,27.60000038146973,-7.0,34.59999847412109,-0.5000000596046448,17.200000762939453,17.200000762939453,-1.8999999761581416,309.0,34.0,12.0,26.48791313171387,97.0,47.0,47.0,87.0,3834.0,1401.0,27.0,22.0,9.0,71.0,34.0,44.0,test,1,160321.0,1
  -11,L1361355,-119.30868999999998,41.812433,Humboldt,US-NV-013,Nevada,US-NV,9.0,8.0,6.887499809265138,13.241666793823242,38.49321746826172,770.186279296875,27.5,-6.9000000953674325,34.400001525878906,-0.5333333611488342,17.116666793823242,17.116666793823242,-1.9166666269302368,312.0,35.0,12.0,26.66105461120605,99.0,48.0,48.0,88.0,2764.0,1409.0,25.0,22.0,10.0,71.0,36.0,42.0,test,1,160321.0,1
  -12,L5595793,-119.1343873,39.05837920000001,Lyon,US-NV-019,Nevada,US-NV,52.0,58.0,10.854166984558104,18.80833435058593,46.098854064941406,796.4508056640625,32.900001525878906,-7.900000095367432,40.80000305175781,13.93333339691162,20.53333282470703,20.83333396911621,1.25,135.0,17.0,9.0,20.92119598388672,39.0,28.0,32.0,37.0,9368.0,1492.0,18.0,27.0,14.0,78.0,29.0,43.0,test,1,152538.0,1
  -13,L12809295,-119.1204297,39.0772985,Lyon,US-NV-019,Nevada,US-NV,12.0,35.0,10.783332824707031,18.66666603088379,45.86404800415039,798.9149780273438,32.799999237060554,-7.900000095367432,40.70000076293945,13.84999942779541,20.5,20.78333282470703,1.1166666746139526,136.0,16.0,9.0,18.402931213378903,39.0,28.0,32.0,37.0,8634.0,1518.0,16.0,20.0,9.0,80.0,25.0,55.0,test,1,152540.0,1
  -14,L12493518,-119.10544509999998,39.1236679,Lyon,US-NV-019,Nevada,US-NV,8.0,41.0,11.00416660308838,18.325000762939453,44.58637619018555,826.4751586914062,33.5,-7.599999904632567,41.09999847412109,14.18333339691162,17.383333206176758,21.38333320617676,1.0666667222976685,131.0,16.0,8.0,20.38576316833496,38.0,27.0,32.0,36.0,2227.4416148295595,1371.9887783030604,19.628614083105248,18.488877830306045,29.49695197810401,60.41985568549391,37.4264866882309,44.08193580492661,test,1,152543.0,1
  -15,L10232413,-119.104458,39.12161,Lyon,US-NV-019,Nevada,US-NV,15.0,56.0,11.00416660308838,18.325000762939453,44.58637619018555,826.4751586914062,33.5,-7.599999904632567,41.09999847412109,14.18333339691162,17.383333206176758,21.38333320617676,1.0666667222976685,131.0,16.0,8.0,20.38576316833496,38.0,27.0,32.0,36.0,2227.4416148295595,1371.9887783030604,19.628614083105248,18.488877830306045,29.49695197810401,60.41985568549391,37.4264866882309,44.08193580492661,test,1,152543.0,1
  -16,L2237462,-118.99129,48.86184,Okanogan,US-WA-047,Washington,US-WA,10.0,23.0,5.6541666984558105,12.541666984558104,34.93500518798828,841.3097534179688,25.89999961853028,-10.0,35.900001525878906,9.800000190734863,-2.450000047683716,15.833333015441896,-4.816666603088379,390.0,47.0,22.0,25.313201904296875,123.0,80.0,110.0,100.0,2117.0,1149.0,15.0,8.0,43.0,61.0,41.0,51.0,test,1,118087.0,1
  -17,L1222794,-118.9912891,48.8618351,Okanogan,US-WA-047,Washington,US-WA,53.0,85.0,5.6541666984558105,12.541666984558104,34.93500518798828,841.3097534179688,25.89999961853028,-10.0,35.900001525878906,9.800000190734863,-2.450000047683716,15.833333015441896,-4.816666603088379,390.0,47.0,22.0,25.313201904296875,123.0,80.0,110.0,100.0,2117.0,1149.0,15.0,8.0,43.0,61.0,41.0,51.0,test,1,118087.0,1
  -18,L5596154,-117.5013947,41.7185476,Humboldt,US-NV-013,Nevada,US-NV,10.0,14.0,6.2666664123535165,14.516666412353516,40.32407379150391,779.0942993164062,27.60000038146973,-8.399999618530272,36.0,-1.4833333492279053,16.41666603088379,16.41666603088379,-2.7666666507720947,338.0,41.0,12.0,32.090782165527344,117.0,46.0,46.0,107.0,4451.0,1344.0,27.0,22.0,18.0,69.0,39.0,40.0,test,1,160454.0,1
  -19,L5596184,-117.486618,41.7198361,Humboldt,US-NV-013,Nevada,US-NV,10.0,13.0,6.5250000953674325,14.866666793823242,40.50862884521485,787.281005859375,28.20000076293945,-8.5,36.70000076293945,-1.399999976158142,16.733333587646484,16.733333587646484,-2.666666507720948,320.0,40.0,12.0,32.742401123046875,114.0,45.0,45.0,104.0,3269.0,1353.0,25.0,24.0,17.0,71.0,40.0,36.0,test,1,160454.0,1
  -20,L5595821,-116.0250178,41.52908239999999,Elko,US-NV-007,Nevada,US-NV,20.0,31.0,4.3125,13.541666984558104,37.82588577270508,785.3665161132812,25.29999923706055,-10.5,35.79999923706055,-3.133333444595337,14.649999618530272,14.649999618530272,-4.683333396911621,430.0,49.0,20.0,27.12051200866699,138.0,66.0,66.0,124.0,1722.0,1246.0,28.0,22.0,31.0,64.0,41.0,36.0,test,1,161461.0,1
  -21,L5595819,-115.9857744,41.75194120000001,Elko,US-NV-007,Nevada,US-NV,10.0,18.0,5.612499713897705,16.408332824707028,42.3987922668457,768.4699096679688,28.0,-10.699999809265137,38.70000076293945,-2.066666841506958,15.416666984558104,15.416666984558104,-3.533333301544189,366.0,41.0,16.0,27.69209671020508,116.0,56.0,56.0,104.0,2478.0,1297.0,27.0,21.0,20.0,69.0,39.0,40.0,test,1,115091.0,1
  -22,L5596432,-115.4845784,35.96320120000001,Clark,US-NV-003,Nevada,US-NV,10.0,16.0,11.404166221618652,14.708333015441896,42.632850646972656,750.7676391601562,30.89999961853028,-3.5999999046325684,34.5,3.549999952316284,13.016666412353516,21.08333396911621,3.0166666507720947,329.0,42.0,8.0,40.02397918701172,115.0,43.0,93.0,103.0,1476.0,1375.0,19.0,17.0,17.0,75.0,33.0,50.0,test,1,155181.0,1
  -23,L5595730,-115.4452135,35.9507523,Clark,US-NV-003,Nevada,US-NV,29.0,20.0,14.104166984558104,14.824999809265137,41.06648254394531,796.8758544921875,34.09999847412109,-2.0,36.09999847412109,5.9666666984558105,16.41666603088379,24.216665267944336,4.933333396911621,222.0,32.0,5.0,41.51802444458008,74.0,26.0,61.0,68.0,2052.0,1483.0,16.0,17.0,8.0,79.0,27.0,56.0,test,1,154820.0,1
  -24,L15659968,-114.492564,48.417484,Flathead,US-MT-029,Montana,US-MT,8.0,27.0,5.7166666984558105,13.68333339691162,36.68453979492188,843.2764282226562,27.10000038146973,-10.199999809265137,37.29999923706055,-3.733333349227905,11.916666984558104,16.116666793823242,-4.733333110809326,517.0,63.0,29.0,26.46232795715332,161.0,98.0,135.0,155.0,2737.0,1249.0,16.0,14.0,23.0,63.0,53.0,34.0,test,1,119768.0,1
  -25,L283278,-114.4456664,48.1145191,Flathead,US-MT-029,Montana,US-MT,114.0,137.0,6.3291664123535165,12.658332824707031,35.06463623046875,835.4869384765625,27.29999923706055,-8.800000190734863,36.09999847412109,14.283332824707031,12.383333206176758,16.716667175292972,-3.8833332061767583,486.0,60.0,26.0,24.81938362121582,151.0,96.0,131.0,131.0,3959.0,1304.0,29.0,21.0,46.0,65.0,51.0,28.0,test,1,119693.0,1
  -26,L474583,-114.42186979999998,36.5134605,Clark,US-NV-003,Nevada,US-NV,21.0,81.0,20.69166755676269,14.866666793823242,37.07398223876953,944.66162109375,42.09999847412109,2.0,40.09999847412109,11.666666030883787,25.10000038146973,32.5,9.366666793823242,129.0,19.0,3.0,41.076908111572266,48.0,15.0,29.0,38.0,24068.0,1462.0,16.0,23.0,7.0,80.0,35.0,42.0,test,1,149380.0,1
  -27,L5595781,-114.4182966,36.386527,Clark,US-NV-003,Nevada,US-NV,10.0,19.0,20.59166717529297,14.233332633972168,36.30952072143555,940.376708984375,41.70000076293945,2.5,39.20000076293945,11.5,24.816665649414062,32.366668701171875,9.34999942779541,131.0,19.0,3.0,44.61396789550781,50.0,13.0,30.0,41.0,6677.0,1499.0,18.0,12.0,3.0,80.0,34.0,54.0,test,1,149369.0,1
  -28,L11626588,-114.4082737,48.4085511,Flathead,US-MT-029,Montana,US-MT,11.0,58.0,5.7791666984558105,13.491666793823242,35.97777938842773,851.281005859375,27.10000038146973,-10.399999618530272,37.5,-3.75,11.983333587646484,16.266666412353516,-4.800000190734863,528.0,63.0,32.0,24.545246124267567,163.0,102.0,136.0,156.0,2824.0,1236.0,24.0,12.0,34.0,61.0,52.0,36.0,test,1,119876.0,1
  -29,L1610140,-114.3321571,48.3883501,Flathead,US-MT-029,Montana,US-MT,61.0,115.0,6.137500286102295,13.541666030883787,35.54243087768555,871.0211791992188,27.70000076293945,-10.399999618530272,38.09999847412109,14.483333587646484,12.333333015441896,16.850000381469727,-4.75,488.0,60.0,26.0,23.94174766540528,150.0,94.0,133.0,135.0,4456.0,1299.0,24.0,19.0,25.0,66.0,49.0,32.0,test,1,119791.0,1
  -30,L1312167,-114.330554,48.3902586,Flathead,US-MT-029,Montana,US-MT,6.0,42.0,6.137500286102295,13.541666030883787,35.54243087768555,871.0211791992188,27.70000076293945,-10.399999618530272,38.09999847412109,14.483333587646484,12.333333015441896,16.850000381469727,-4.75,488.0,60.0,26.0,23.94174766540528,150.0,94.0,133.0,135.0,4605.0,1309.0,20.0,19.0,23.0,65.0,48.0,33.0,test,1,119791.0,1
  -31,L1640611,-114.3303997,48.3855913,Flathead,US-MT-029,Montana,US-MT,6.0,30.0,6.137500286102295,13.541666030883787,35.54243087768555,871.0211791992188,27.70000076293945,-10.399999618530272,38.09999847412109,14.483333587646484,12.333333015441896,16.850000381469727,-4.75,488.0,60.0,26.0,23.94174766540528,150.0,94.0,133.0,135.0,4410.0,1308.0,25.0,20.0,21.0,66.0,49.0,30.0,test,1,119791.0,1
  -32,L1599343,-114.3221482,48.39115020000001,Flathead,US-MT-029,Montana,US-MT,6.0,29.0,6.116666793823242,13.56666660308838,35.70175552368164,869.8806762695312,27.60000038146973,-10.399999618530272,38.0,14.449999809265137,12.300000190734863,16.799999237060547,-4.7666664123535165,485.0,60.0,26.0,24.000850677490234,149.0,94.0,133.0,133.0,4428.0,1296.0,26.0,23.0,30.0,67.0,50.0,27.0,test,1,119791.0,1
  -33,L299714,-114.0360548,48.5936643,Flathead,US-MT-029,Montana,US-MT,122.0,111.0,4.420833587646484,12.758333206176758,34.481983184814446,849.2201538085938,25.0,-12.0,37.0,-4.9666666984558105,14.283333778381348,14.916666984558104,-6.0333333015441895,651.0,74.0,43.0,20.551700592041016,195.0,132.0,160.0,177.0,2235.0,1217.0,22.0,12.0,41.0,57.0,47.0,42.0,test,1,121911.0,1
  -34,L2955185,-114.036051,48.593646,Flathead,US-MT-029,Montana,US-MT,38.0,75.0,4.420833587646484,12.758333206176758,34.481983184814446,849.2201538085938,25.0,-12.0,37.0,-4.9666666984558105,14.283333778381348,14.916666984558104,-6.0333333015441895,651.0,74.0,43.0,20.551700592041016,195.0,132.0,160.0,177.0,2235.0,1217.0,22.0,12.0,41.0,57.0,47.0,42.0,test,1,121911.0,1
  -35,L11744807,-114.030292,48.612343,Flathead,US-MT-029,Montana,US-MT,6.0,42.0,4.400000095367432,12.866666793823242,34.774776458740234,847.056396484375,24.89999961853028,-12.100000381469728,37.0,-4.983333587646484,14.18333339691162,14.850000381469728,-6.050000190734862,669.0,74.0,43.0,18.905906677246094,198.0,136.0,162.0,180.0,2105.0,1244.0,20.0,16.0,39.0,59.0,46.0,39.0,test,1,121831.0,1
  -36,L9509649,-114.027726,48.624711,Flathead,US-MT-029,Montana,US-MT,7.0,39.0,4.512499809265137,12.975000381469728,34.97304534912109,847.9255981445312,25.0,-12.100000381469728,37.09999847412109,-4.900000095367432,14.266666412353516,14.949999809265137,-6.0,659.0,73.0,43.0,18.623762130737305,194.0,135.0,160.0,176.0,2794.0,1227.0,20.0,14.0,32.0,60.0,47.0,38.0,test,1,121831.0,1
  -37,L463975,-113.9838409,34.2555138,La Paz,US-AZ-012,Arizona,US-AZ,13.0,42.0,22.96249961853028,16.04166603088379,41.13247680664063,871.4932861328125,43.20000076293945,4.199999809265137,39.0,14.516666412353516,26.76666641235352,33.78333282470703,12.533332824707031,149.0,21.0,1.0,48.35155487060547,53.0,10.0,34.0,52.0,4978.0,1530.0,18.0,20.0,9.0,76.0,31.0,48.0,test,1,127536.0,1
  -38,L1187069,-113.9834118,34.255726700000004,La Paz,US-AZ-012,Arizona,US-AZ,7.0,59.0,22.96249961853028,16.04166603088379,41.13247680664063,871.4932861328125,43.20000076293945,4.199999809265137,39.0,14.516666412353516,26.76666641235352,33.78333282470703,12.533332824707031,149.0,21.0,1.0,48.35155487060547,53.0,10.0,34.0,52.0,4978.0,1530.0,18.0,20.0,9.0,76.0,31.0,48.0,test,1,127536.0,1
  -39,L2911249,-113.97550459999998,34.25746470000001,Mohave,US-AZ-015,Arizona,US-AZ,16.0,55.0,22.89583396911621,16.04166603088379,41.13247680664063,871.9765014648438,43.20000076293945,4.199999809265137,39.0,14.43333339691162,26.71666717529297,33.733333587646484,12.466667175292969,151.0,22.0,1.0,49.08115005493164,53.0,10.0,35.0,53.0,5315.0,1541.0,19.0,24.0,12.0,77.0,32.0,44.0,test,1,127536.0,1
  -40,L2911227,-113.9752042,34.2557444,La Paz,US-AZ-012,Arizona,US-AZ,21.0,70.0,22.89583396911621,16.04166603088379,41.13247680664063,871.9765014648438,43.20000076293945,4.199999809265137,39.0,14.43333339691162,26.71666717529297,33.733333587646484,12.466667175292969,151.0,22.0,1.0,49.08115005493164,53.0,10.0,35.0,53.0,5315.0,1541.0,19.0,24.0,12.0,77.0,32.0,44.0,test,1,127536.0,1
  -41,L3761606,-113.8428855,48.6500505,Flathead,US-MT-029,Montana,US-MT,6.0,11.0,5.233333587646484,12.550000190734863,33.91891860961914,854.53955078125,25.60000038146973,-11.399999618530272,37.0,9.199999809265137,0.0833334103226661,15.783332824707031,-5.2666664123535165,631.0,76.0,41.0,19.353120803833008,194.0,134.0,166.0,144.0,2519.0,1080.0,30.0,12.0,71.0,57.0,44.0,45.0,test,1,121805.0,1
  -42,L247319,-113.690432,48.644763,,,Montana,US-MT,48.0,171.0,2.254166841506958,11.458333015441896,32.644824981689446,821.4523315429688,21.700000762939453,-13.399999618530272,35.09999847412109,5.449999809265137,-6.1500000953674325,12.383333206176758,-7.650000095367432,711.0,88.0,45.0,22.604156494140625,234.0,150.0,187.0,150.0,1107.0,1019.0,27.0,14.0,69.0,56.0,46.0,40.0,test,1,122378.0,1
  -43,L7660684,-113.6539648,48.6783039,Glacier,US-MT-035,Montana,US-MT,32.0,64.0,2.0749998092651367,10.899999618530272,32.058822631835945,816.2037963867188,20.89999961853028,-13.100000381469728,34.0,5.25,-7.633333683013916,12.283332824707031,-7.633333683013916,720.0,92.0,45.0,23.60158920288086,241.0,147.0,193.0,147.0,1429.0,1084.0,30.0,12.0,47.0,58.0,44.0,44.0,test,1,122317.0,1
  ... 453 further lines not shown (cap is 50)

[satbird_splots_train_split.csv] delimiter ',' at both revisions
  column change:
    removed: ['']
    added:   []
  payload size 37,979,192 -> 37,369,175 bytes (-610,017): the data did change
  first 20 lines at each revision (head sample, not a diff of the whole file):
  --- satbird_splots_train_split.csv@5bd415b72b
  +++ satbird_splots_train_split.csv@c85af941aa
  @@ -1,20 +1,20 @@
  -,hotspot_id,lon,lat,county,county_code,state,state_code,num_complete_checklists,num_different_species,bio_1,bio_2,bio_3,bio_4,bio_5,bio_6,bio_7,bio_8,bio_9,bio_10,bio_11,bio_12,bio_13,bio_14,bio_15,bio_16,bio_17,bio_18,bio_19,bdticm,bldfie,cecsol,clyppt,orcdrc,phihox,sltppt,sndppt,split,bird,PlotObservationID,plant
  -0,L240767,-124.6782665,48.2631638,Clallam,US-WA-009,Washington,US-WA,6.0,50.0,9.541666984558104,8.066666603088379,44.56721878051758,384.1036376953125,19.89999961853028,1.7999999523162842,18.100000381469727,5.666666507720947,14.133333206176758,14.533332824707031,5.2166666984558105,2387.0,360.0,54.0,57.31954956054688,1041.0,204.0,226.0,971.0,1475.0,1025.0,46.0,10.0,136.0,50.0,43.0,47.0,train,1,,0
  -1,L5254015,-124.6757044,48.3448986,Clallam,US-WA-009,Washington,US-WA,50.0,65.0,9.699999809265137,7.800000190734862,43.57542037963867,382.9134521484375,19.89999961853028,2.0,17.899999618530273,5.816666603088379,14.283332824707031,14.666666030883787,5.366666793823242,2336.0,353.0,53.0,57.36424255371094,1023.0,201.0,227.0,949.0,1992.0,1019.0,36.0,11.0,110.0,52.0,40.0,48.0,train,1,,0
  -2,L2818141,-124.6699039,48.3704956,Clallam,US-WA-009,Washington,US-WA,20.0,58.0,8.566666603088379,8.016666412353517,44.53703689575195,377.82470703125,19.200000762939453,1.2000000476837158,18.0,4.833333492279053,13.149999618530272,13.56666660308838,4.483333110809326,2781.0,418.0,59.0,59.78634262084961,1240.0,227.0,240.0,1142.0,1242.0,997.0,40.0,15.0,92.0,47.0,44.0,41.0,train,1,,0
  -3,L800182,-124.658432,48.31471120000001,Clallam,US-WA-009,Washington,US-WA,13.0,81.0,10.956180904547365,12.233979502444566,35.957150484955456,836.0129557400014,28.92581663488361,-6.04526175828908,34.971078405252825,14.928685826145886,6.4732500032231615,21.10422689342436,0.5177287892344513,913.6176834197138,113.96059388521708,43.06642575246065,35.24522999901273,315.0769697113785,148.40193048357187,232.43950596738148,221.67690552042225,1441.0,977.0,37.0,9.0,148.0,48.0,37.0,54.0,train,1,,0
  -4,L1214221,-124.6515977,48.2882812,Clallam,US-WA-009,Washington,US-WA,17.0,55.0,9.654167175292969,8.008333206176758,44.0018310546875,387.6353759765625,20.100000381469727,1.8999999761581416,18.200000762939453,5.733333110809326,14.283333778381348,14.68333339691162,5.266666889190674,2397.0,360.0,53.0,57.47098922729492,1047.0,202.0,224.0,972.0,2169.0,1015.0,39.0,10.0,145.0,46.0,46.0,45.0,train,1,,0
  -5,L778655,-124.64905290000002,48.3493018,Clallam,US-WA-009,Washington,US-WA,71.0,104.0,9.649999618530272,7.900000095367432,42.93478012084961,398.4287414550781,20.200000762939453,1.7999999523162842,18.400001525878903,5.566666603088379,14.466666221618652,14.800000190734863,5.133333206176758,2421.0,363.0,53.0,57.85910034179688,1064.0,203.0,229.0,983.0,2069.0,1066.0,41.0,16.0,137.0,47.0,45.0,40.0,train,1,,0
  -6,L267164,-124.6371659,48.3563354,Clallam,US-WA-009,Washington,US-WA,63.0,109.0,9.68333339691162,7.899999618530272,42.47311782836914,401.617919921875,20.299999237060547,1.7000000476837158,18.599998474121094,5.5333333015441895,14.533332824707031,14.866666793823242,5.099999904632568,2434.0,364.0,53.0,58.03306579589844,1072.0,203.0,227.0,987.0,2297.0,1068.0,39.0,14.0,137.0,47.0,48.0,37.0,train,1,,0
  -7,L1744295,-124.6330508,48.1085981,Clallam,US-WA-009,Washington,US-WA,12.0,46.0,9.845832824707031,8.491666793823242,44.69298553466797,401.6469421386719,20.799999237060547,1.7999999523162842,19.0,5.7666664123535165,14.68333339691162,15.083333015441896,5.333333015441895,2496.0,367.0,57.0,56.83298110961914,1074.0,207.0,230.0,1003.0,2227.4416148295595,1371.9887783030604,19.628614083105248,18.488877830306045,29.49695197810401,60.41985568549391,37.4264866882309,44.08193580492661,train,1,,0
  -8,L6517534,-124.6215677,48.3666101,Clallam,US-WA-009,Washington,US-WA,134.0,145.0,9.708333015441896,7.883333206176758,42.15686416625977,405.4617614746094,20.39999961853028,1.7000000476837158,18.69999885559082,5.5166664123535165,14.616666793823242,14.916666030883787,5.066666603088379,2463.0,368.0,51.0,58.864723205566406,1090.0,199.0,222.0,1002.0,2227.4416148295595,1371.9887783030604,19.628614083105248,18.488877830306045,29.49695197810401,60.41985568549391,37.4264866882309,44.08193580492661,train,1,,0
  -9,L3853712,-124.585307,48.362925,Clallam,US-WA-009,Washington,US-WA,7.0,37.0,9.395833015441896,8.041666984558105,42.10296630859375,411.5903625488281,20.39999961853028,1.2999999523162842,19.100000381469727,5.166666507720947,14.416666030883787,14.716666221618652,4.733333110809326,2590.0,388.0,51.0,59.90285110473633,1155.0,203.0,222.0,1060.0,2044.0,1113.0,34.0,12.0,105.0,49.0,41.0,46.0,train,1,,0
  -10,L6299347,-124.545629,48.3531625,Clallam,US-WA-009,Washington,US-WA,6.0,31.0,10.956180904547365,12.233979502444566,35.957150484955456,836.0129557400014,28.92581663488361,-6.04526175828908,34.971078405252825,14.928685826145886,6.4732500032231615,21.10422689342436,0.5177287892344513,913.6176834197138,113.96059388521708,43.06642575246065,35.24522999901273,315.0769697113785,148.40193048357187,232.43950596738148,221.67690552042225,1919.0,1004.0,37.0,15.0,126.0,51.0,37.0,48.0,train,1,,0
  -11,L1209931,-124.5323199,48.3490256,Clallam,US-WA-009,Washington,US-WA,7.0,27.0,9.529167175292969,8.191666603088379,41.37205505371094,432.2954406738281,20.89999961853028,1.100000023841858,19.799999237060547,5.0166664123535165,14.81666660308838,15.050000190734863,4.566666603088379,2642.0,402.0,50.0,60.533729553222656,1182.0,202.0,219.0,1078.0,1791.0,975.0,34.0,17.0,134.0,51.0,37.0,46.0,train,1,,0
  -12,L4742044,-124.5142279,42.7381364,Curry,US-OR-015,Oregon,US-OR,7.0,51.0,11.762499809265137,8.691666603088379,54.66456985473633,281.07040405273443,20.5,4.599999904632568,15.899999618530272,9.133333206176758,15.016666412353516,15.483333587646484,8.716666221618652,1905.0,317.0,14.0,71.3221206665039,906.0,93.0,101.0,847.0,2029.0,1029.0,86.0,9.0,96.0,60.0,31.0,59.0,train,1,,0
  -13,L576813,-124.5108461,42.736958,Curry,US-OR-015,Oregon,US-OR,35.0,73.0,11.762499809265137,8.691666603088379,54.66456985473633,281.07040405273443,20.5,4.599999904632568,15.899999618530272,9.133333206176758,15.016666412353516,15.483333587646484,8.716666221618652,1905.0,317.0,14.0,71.3221206665039,906.0,93.0,101.0,847.0,2064.0,1034.0,76.0,11.0,78.0,59.0,32.0,57.0,train,1,,0
  -14,L1246050,-124.5011902,42.7553316,Curry,US-OR-015,Oregon,US-OR,10.0,37.0,11.837499618530272,8.875,54.1158561706543,294.2025146484375,20.799999237060547,4.400000095367432,16.399999618530273,9.016666412353516,15.233333587646484,15.716667175292969,8.600000381469728,1873.0,311.0,14.0,71.03128814697266,891.0,93.0,99.0,832.0,3185.0,1023.0,26.0,12.0,89.0,51.0,26.0,62.0,train,1,,0
  -15,L2301601,-124.498229,42.7460604,Curry,US-OR-015,Oregon,US-OR,10.0,63.0,11.829166412353516,8.941666603088379,54.1919174194336,296.21441650390625,20.89999961853028,4.400000095367432,16.5,9.0,15.233333587646484,15.75,8.583333015441895,1889.0,314.0,14.0,71.21395874023438,898.0,93.0,99.0,839.0,3325.0,1143.0,25.0,11.0,66.0,54.0,28.0,61.0,train,1,,0
  -16,L1507396,-124.4981642,42.75159420000001,Curry,US-OR-015,Oregon,US-OR,7.0,23.0,11.829166412353516,9.008333206176758,53.942115783691406,299.8519287109375,21.0,4.300000190734863,16.700000762939453,8.949999809265137,15.283332824707031,15.800000190734863,8.550000190734862,1878.0,312.0,14.0,71.12425231933594,893.0,93.0,99.0,835.0,3173.0,1093.0,25.0,13.0,68.0,54.0,27.0,60.0,train,1,,0
  -17,L3082426,-124.4946885,42.7415233,Curry,US-OR-015,Oregon,US-OR,20.0,55.0,10.956180904547365,12.233979502444566,35.957150484955456,836.0129557400014,28.92581663488361,-6.04526175828908,34.971078405252825,14.928685826145886,6.4732500032231615,21.10422689342436,0.5177287892344513,913.6176834197138,113.96059388521708,43.06642575246065,35.24522999901273,315.0769697113785,148.40193048357187,232.43950596738148,221.67690552042225,2774.0,1086.0,26.0,13.0,61.0,55.0,29.0,58.0,train,1,,0
  -18,L1671485,-124.4885899,42.7409329,Curry,US-OR-015,Oregon,US-OR,15.0,42.0,10.956180904547365,12.233979502444566,35.957150484955456,836.0129557400014,28.92581663488361,-6.04526175828908,34.971078405252825,14.928685826145886,6.4732500032231615,21.10422689342436,0.5177287892344513,913.6176834197138,113.96059388521708,43.06642575246065,35.24522999901273,315.0769697113785,148.40193048357187,232.43950596738148,221.67690552042225,2128.0,1069.0,29.0,13.0,77.0,53.0,30.0,57.0,train,1,,0
  +hotspot_id,lon,lat,county,county_code,state,state_code,num_complete_checklists,num_different_species,bio_1,bio_2,bio_3,bio_4,bio_5,bio_6,bio_7,bio_8,bio_9,bio_10,bio_11,bio_12,bio_13,bio_14,bio_15,bio_16,bio_17,bio_18,bio_19,bdticm,bldfie,cecsol,clyppt,orcdrc,phihox,sltppt,sndppt,split,bird,PlotObservationID,plant
  +L240767,-124.6782665,48.2631638,Clallam,US-WA-009,Washington,US-WA,6.0,50.0,9.541666984558104,8.066666603088379,44.56721878051758,384.1036376953125,19.89999961853028,1.7999999523162842,18.100000381469727,5.666666507720947,14.133333206176758,14.533332824707031,5.2166666984558105,2387.0,360.0,54.0,57.31954956054688,1041.0,204.0,226.0,971.0,1475.0,1025.0,46.0,10.0,136.0,50.0,43.0,47.0,train,1,,0
  +L5254015,-124.6757044,48.3448986,Clallam,US-WA-009,Washington,US-WA,50.0,65.0,9.699999809265137,7.800000190734862,43.57542037963867,382.9134521484375,19.89999961853028,2.0,17.899999618530273,5.816666603088379,14.283332824707031,14.666666030883787,5.366666793823242,2336.0,353.0,53.0,57.36424255371094,1023.0,201.0,227.0,949.0,1992.0,1019.0,36.0,11.0,110.0,52.0,40.0,48.0,train,1,,0
  +L2818141,-124.6699039,48.3704956,Clallam,US-WA-009,Washington,US-WA,20.0,58.0,8.566666603088379,8.016666412353517,44.53703689575195,377.82470703125,19.200000762939453,1.2000000476837158,18.0,4.833333492279053,13.149999618530272,13.56666660308838,4.483333110809326,2781.0,418.0,59.0,59.78634262084961,1240.0,227.0,240.0,1142.0,1242.0,997.0,40.0,15.0,92.0,47.0,44.0,41.0,train,1,,0
  +L800182,-124.658432,48.31471120000001,Clallam,US-WA-009,Washington,US-WA,13.0,81.0,10.956180904547365,12.233979502444566,35.957150484955456,836.0129557400014,28.92581663488361,-6.04526175828908,34.971078405252825,14.928685826145886,6.4732500032231615,21.10422689342436,0.5177287892344513,913.6176834197138,113.96059388521708,43.06642575246065,35.24522999901273,315.0769697113785,148.40193048357187,232.43950596738148,221.67690552042225,1441.0,977.0,37.0,9.0,148.0,48.0,37.0,54.0,train,1,,0
  +L1214221,-124.6515977,48.2882812,Clallam,US-WA-009,Washington,US-WA,17.0,55.0,9.654167175292969,8.008333206176758,44.0018310546875,387.6353759765625,20.100000381469727,1.8999999761581416,18.200000762939453,5.733333110809326,14.283333778381348,14.68333339691162,5.266666889190674,2397.0,360.0,53.0,57.47098922729492,1047.0,202.0,224.0,972.0,2169.0,1015.0,39.0,10.0,145.0,46.0,46.0,45.0,train,1,,0
  +L778655,-124.64905290000002,48.3493018,Clallam,US-WA-009,Washington,US-WA,71.0,104.0,9.649999618530272,7.900000095367432,42.93478012084961,398.4287414550781,20.200000762939453,1.7999999523162842,18.400001525878903,5.566666603088379,14.466666221618652,14.800000190734863,5.133333206176758,2421.0,363.0,53.0,57.85910034179688,1064.0,203.0,229.0,983.0,2069.0,1066.0,41.0,16.0,137.0,47.0,45.0,40.0,train,1,,0
  +L267164,-124.6371659,48.3563354,Clallam,US-WA-009,Washington,US-WA,63.0,109.0,9.68333339691162,7.899999618530272,42.47311782836914,401.617919921875,20.299999237060547,1.7000000476837158,18.599998474121094,5.5333333015441895,14.533332824707031,14.866666793823242,5.099999904632568,2434.0,364.0,53.0,58.03306579589844,1072.0,203.0,227.0,987.0,2297.0,1068.0,39.0,14.0,137.0,47.0,48.0,37.0,train,1,,0
  +L1744295,-124.6330508,48.1085981,Clallam,US-WA-009,Washington,US-WA,12.0,46.0,9.845832824707031,8.491666793823242,44.69298553466797,401.6469421386719,20.799999237060547,1.7999999523162842,19.0,5.7666664123535165,14.68333339691162,15.083333015441896,5.333333015441895,2496.0,367.0,57.0,56.83298110961914,1074.0,207.0,230.0,1003.0,2227.4416148295595,1371.9887783030604,19.628614083105248,18.488877830306045,29.49695197810401,60.41985568549391,37.4264866882309,44.08193580492661,train,1,,0
  +L6517534,-124.6215677,48.3666101,Clallam,US-WA-009,Washington,US-WA,134.0,145.0,9.708333015441896,7.883333206176758,42.15686416625977,405.4617614746094,20.39999961853028,1.7000000476837158,18.69999885559082,5.5166664123535165,14.616666793823242,14.916666030883787,5.066666603088379,2463.0,368.0,51.0,58.864723205566406,1090.0,199.0,222.0,1002.0,2227.4416148295595,1371.9887783030604,19.628614083105248,18.488877830306045,29.49695197810401,60.41985568549391,37.4264866882309,44.08193580492661,train,1,,0
  +L3853712,-124.585307,48.362925,Clallam,US-WA-009,Washington,US-WA,7.0,37.0,9.395833015441896,8.041666984558105,42.10296630859375,411.5903625488281,20.39999961853028,1.2999999523162842,19.100000381469727,5.166666507720947,14.416666030883787,14.716666221618652,4.733333110809326,2590.0,388.0,51.0,59.90285110473633,1155.0,203.0,222.0,1060.0,2044.0,1113.0,34.0,12.0,105.0,49.0,41.0,46.0,train,1,,0
  +L6299347,-124.545629,48.3531625,Clallam,US-WA-009,Washington,US-WA,6.0,31.0,10.956180904547365,12.233979502444566,35.957150484955456,836.0129557400014,28.92581663488361,-6.04526175828908,34.971078405252825,14.928685826145886,6.4732500032231615,21.10422689342436,0.5177287892344513,913.6176834197138,113.96059388521708,43.06642575246065,35.24522999901273,315.0769697113785,148.40193048357187,232.43950596738148,221.67690552042225,1919.0,1004.0,37.0,15.0,126.0,51.0,37.0,48.0,train,1,,0
  +L1209931,-124.5323199,48.3490256,Clallam,US-WA-009,Washington,US-WA,7.0,27.0,9.529167175292969,8.191666603088379,41.37205505371094,432.2954406738281,20.89999961853028,1.100000023841858,19.799999237060547,5.0166664123535165,14.81666660308838,15.050000190734863,4.566666603088379,2642.0,402.0,50.0,60.533729553222656,1182.0,202.0,219.0,1078.0,1791.0,975.0,34.0,17.0,134.0,51.0,37.0,46.0,train,1,,0
  +L4742044,-124.5142279,42.7381364,Curry,US-OR-015,Oregon,US-OR,7.0,51.0,11.762499809265137,8.691666603088379,54.66456985473633,281.07040405273443,20.5,4.599999904632568,15.899999618530272,9.133333206176758,15.016666412353516,15.483333587646484,8.716666221618652,1905.0,317.0,14.0,71.3221206665039,906.0,93.0,101.0,847.0,2029.0,1029.0,86.0,9.0,96.0,60.0,31.0,59.0,train,1,,0
  +L576813,-124.5108461,42.736958,Curry,US-OR-015,Oregon,US-OR,35.0,73.0,11.762499809265137,8.691666603088379,54.66456985473633,281.07040405273443,20.5,4.599999904632568,15.899999618530272,9.133333206176758,15.016666412353516,15.483333587646484,8.716666221618652,1905.0,317.0,14.0,71.3221206665039,906.0,93.0,101.0,847.0,2064.0,1034.0,76.0,11.0,78.0,59.0,32.0,57.0,train,1,,0
  +L1246050,-124.5011902,42.7553316,Curry,US-OR-015,Oregon,US-OR,10.0,37.0,11.837499618530272,8.875,54.1158561706543,294.2025146484375,20.799999237060547,4.400000095367432,16.399999618530273,9.016666412353516,15.233333587646484,15.716667175292969,8.600000381469728,1873.0,311.0,14.0,71.03128814697266,891.0,93.0,99.0,832.0,3185.0,1023.0,26.0,12.0,89.0,51.0,26.0,62.0,train,1,,0
  +L2301601,-124.498229,42.7460604,Curry,US-OR-015,Oregon,US-OR,10.0,63.0,11.829166412353516,8.941666603088379,54.1919174194336,296.21441650390625,20.89999961853028,4.400000095367432,16.5,9.0,15.233333587646484,15.75,8.583333015441895,1889.0,314.0,14.0,71.21395874023438,898.0,93.0,99.0,839.0,3325.0,1143.0,25.0,11.0,66.0,54.0,28.0,61.0,train,1,,0
  +L1507396,-124.4981642,42.75159420000001,Curry,US-OR-015,Oregon,US-OR,7.0,23.0,11.829166412353516,9.008333206176758,53.942115783691406,299.8519287109375,21.0,4.300000190734863,16.700000762939453,8.949999809265137,15.283332824707031,15.800000190734863,8.550000190734862,1878.0,312.0,14.0,71.12425231933594,893.0,93.0,99.0,835.0,3173.0,1093.0,25.0,13.0,68.0,54.0,27.0,60.0,train,1,,0
  +L3082426,-124.4946885,42.7415233,Curry,US-OR-015,Oregon,US-OR,20.0,55.0,10.956180904547365,12.233979502444566,35.957150484955456,836.0129557400014,28.92581663488361,-6.04526175828908,34.971078405252825,14.928685826145886,6.4732500032231615,21.10422689342436,0.5177287892344513,913.6176834197138,113.96059388521708,43.06642575246065,35.24522999901273,315.0769697113785,148.40193048357187,232.43950596738148,221.67690552042225,2774.0,1086.0,26.0,13.0,61.0,55.0,29.0,58.0,train,1,,0
  +L1671485,-124.4885899,42.7409329,Curry,US-OR-015,Oregon,US-OR,15.0,42.0,10.956180904547365,12.233979502444566,35.957150484955456,836.0129557400014,28.92581663488361,-6.04526175828908,34.971078405252825,14.928685826145886,6.4732500032231615,21.10422689342436,0.5177287892344513,913.6176834197138,113.96059388521708,43.06642575246065,35.24522999901273,315.0769697113785,148.40193048357187,232.43950596738148,221.67690552042225,2128.0,1069.0,29.0,13.0,77.0,53.0,30.0,57.0,train,1,,0

[satbird_splots_valid_split.csv] delimiter ',' at both revisions
  column change:
    removed: ['']
    added:   []
  diff --git a/satbird_splots_valid_split.csv b/satbird_splots_valid_split.csv
  index 32a6be5..bcf8a77 100644
  --- a/satbird_splots_valid_split.csv
  +++ b/satbird_splots_valid_split.csv
  @@ -1,154 +1,154 @@
  -,hotspot_id,lon,lat,county,county_code,state,state_code,num_complete_checklists,num_different_species,bio_1,bio_2,bio_3,bio_4,bio_5,bio_6,bio_7,bio_8,bio_9,bio_10,bio_11,bio_12,bio_13,bio_14,bio_15,bio_16,bio_17,bio_18,bio_19,bdticm,bldfie,cecsol,clyppt,orcdrc,phihox,sltppt,sndppt,split,bird,PlotObservationID,plant
  -0,L1224133,-121.0377502,46.914891,Yakima,US-WA-077,Washington,US-WA,7.0,28.0,7.34166669845581,11.600000381469728,37.17948532104492,725.33642578125,25.60000038146973,-5.599999904632568,31.20000076293945,-0.7500000596046448,16.183334350585938,16.266666412353516,-1.4333333969116209,615.0,115.0,10.0,73.29793548583984,324.0,45.0,47.0,299.0,2326.0,1233.0,21.0,14.0,27.0,61.0,39.0,46.0,valid,1,120980.0,1
  -1,L273687,-119.9691343,48.6474774,Okanogan,US-WA-047,Washington,US-WA,87.0,80.0,1.9583333730697632,12.033333778381348,36.136138916015625,759.4520263671875,20.799999237060547,-12.5,33.299999237060554,-6.5166664123535165,11.266666412353516,11.31666660308838,-6.983333110809326,697.0,86.0,38.0,28.57272529602051,246.0,124.0,148.0,229.0,2084.0,1224.0,19.0,5.0,35.0,57.0,32.0,63.0,valid,1,118226.0,1
  -2,L1009496,-119.9514771,48.6592216,Okanogan,US-WA-047,Washington,US-WA,34.0,54.0,0.7625000476837158,11.508333206176758,35.96354293823242,727.4679565429688,19.0,-13.0,32.0,-7.166666507720947,9.883333206176758,9.883333206176758,-7.533333301544189,842.0,103.0,45.0,29.14299011230469,300.0,145.0,145.0,279.0,1174.0,1203.0,20.0,5.0,45.0,57.0,35.0,60.0,valid,1,121091.0,1
  -3,L483915,-119.9499321,48.85460689999999,Okanogan,US-WA-047,Washington,US-WA,28.0,56.0,2.1208333969116206,12.091666221618652,36.31131362915039,759.6454467773438,20.89999961853028,-12.399999618530272,33.299999237060554,-6.383333206176758,8.300000190734862,11.5,-6.816666603088379,634.0,73.0,36.0,25.6641902923584,211.0,120.0,151.0,196.0,2703.0,1218.0,13.0,4.0,23.0,56.0,28.0,68.0,valid,1,121428.0,1
  -4,L594400,-119.7467279,39.0677803,Douglas,US-NV-005,Nevada,US-NV,13.0,71.0,10.233333587646484,18.41666603088379,46.50673675537109,765.6260986328125,32.59999847412109,-7.0,39.59999847412109,1.716666579246521,19.549999237060547,19.96666717529297,1.216666579246521,209.0,33.0,8.0,46.56338119506836,86.0,29.0,30.0,86.0,6364.0,1352.0,14.0,18.0,15.0,72.0,28.0,54.0,valid,1,157032.0,1
  -5,L4782938,-119.74233,39.06392,Douglas,US-NV-005,Nevada,US-NV,10.0,50.0,10.199999809265137,18.44999885559082,46.59091186523438,766.375732421875,32.59999847412109,-7.0,39.59999847412109,1.6833332777023315,19.53333282470703,19.94999885559082,1.1999999284744265,210.0,33.0,8.0,46.41329193115234,86.0,29.0,30.0,86.0,4247.0,1353.0,15.0,18.0,9.0,72.0,31.0,52.0,valid,1,157032.0,1
  -6,L5596232,-119.4199027,38.8952276,Lyon,US-NV-019,Nevada,US-NV,12.0,12.0,9.49583339691162,17.274999618530273,44.8701286315918,779.18505859375,31.20000076293945,-7.300000190734862,38.5,1.8999999761581416,19.299999237060547,19.483333587646484,0.5166667103767395,221.0,30.0,11.0,35.37348175048828,81.0,36.0,40.0,81.0,3158.0,1430.0,15.0,15.0,12.0,76.0,25.0,60.0,valid,1,152620.0,1
  -7,L5596086,-116.6847367,38.2017518,Nye,US-NV-023,Nevada,US-NV,10.0,4.0,9.591666221618652,17.566665649414062,42.74128341674805,849.6465454101562,32.09999847412109,-9.0,41.09999847412109,19.83333396911621,4.183332920074463,20.39999961853028,-0.4999999105930328,168.0,19.0,8.0,21.46173477172852,52.0,31.0,47.0,37.0,6964.0,1507.0,17.0,14.0,4.0,82.0,21.0,65.0,valid,1,162524.0,1
  -8,L5596431,-115.2346235,36.7705146,Clark,US-NV-003,Nevada,US-NV,10.0,5.0,12.070833206176758,16.04166603088379,42.89215850830078,795.8541870117188,32.799999237060554,-4.599999904632568,37.39999771118164,4.016666889190674,14.583333015441896,22.16666603088379,2.9166667461395264,245.0,31.0,7.0,31.946277618408203,76.0,37.0,64.0,71.0,1968.0,1446.0,17.0,20.0,8.0,82.0,26.0,54.0,valid,1,150877.0,1
  -9,L15504336,-114.582219,46.636456,Missoula,US-MT-063,Montana,US-MT,8.0,3.0,3.733333349227905,14.300000190734863,38.964576721191406,788.1575927734375,25.39999961853028,-11.300000190734863,36.70000076293945,6.616666793823242,-1.1833335161209106,13.716666221618652,-5.566666603088379,373.0,51.0,21.0,28.45699882507324,128.0,75.0,102.0,83.0,1473.0,1179.0,21.0,12.0,29.0,55.0,42.0,47.0,valid,1,119529.0,1
  -10,L5616274,-114.5802116,46.6352474,Missoula,US-MT-063,Montana,US-MT,10.0,48.0,3.733333349227905,14.300000190734863,38.964576721191406,788.1575927734375,25.39999961853028,-11.300000190734863,36.70000076293945,6.616666793823242,-1.1833335161209106,13.716666221618652,-5.566666603088379,373.0,51.0,21.0,28.45699882507324,128.0,75.0,102.0,83.0,1590.0,1175.0,18.0,10.0,23.0,56.0,43.0,47.0,valid,1,119529.0,1
  -11,L1252383,-114.57852959999998,46.63485170000001,Idaho,US-ID-049,Idaho,US-ID,49.0,67.0,3.733333349227905,14.300000190734863,38.964576721191406,788.1575927734375,25.39999961853028,-11.300000190734863,36.70000076293945,6.616666793823242,-1.1833335161209106,13.716666221618652,-5.566666603088379,373.0,51.0,21.0,28.45699882507324,128.0,75.0,102.0,83.0,1334.0,1164.0,20.0,10.0,23.0,56.0,42.0,48.0,valid,1,112545.0,1
  -12,L3881902,-114.55620290000002,46.6367081,Idaho,US-ID-049,Idaho,US-ID,15.0,62.0,3.8208332061767583,14.274999618530272,39.10958862304688,786.2149047851562,25.39999961853028,-11.100000381469728,36.5,6.800000190734862,-1.0666664838790894,13.766666412353516,-5.483333587646484,360.0,48.0,21.0,27.681171417236328,122.0,73.0,100.0,81.0,1898.0,1150.0,20.0,14.0,24.0,55.0,49.0,37.0,valid,1,122485.0,1
  -13,L6080280,-114.534141,47.87483,Flathead,US-MT-029,Montana,US-MT,8.0,46.0,7.537499904632567,13.625,35.855262756347656,881.0663452148438,29.89999961853028,-8.100000381469728,38.0,16.0,2.8499999046325684,18.61666679382324,-3.2000000476837163,469.0,59.0,25.0,26.56186294555664,150.0,94.0,128.0,123.0,2693.0,1351.0,24.0,21.0,17.0,70.0,47.0,32.0,valid,1,119598.0,1
  -14,L6080283,-114.533545,47.874756,Flathead,US-MT-029,Montana,US-MT,8.0,56.0,7.537499904632567,13.625,35.855262756347656,881.0663452148438,29.89999961853028,-8.100000381469728,38.0,16.0,2.8499999046325684,18.61666679382324,-3.2000000476837163,469.0,59.0,25.0,26.56186294555664,150.0,94.0,128.0,123.0,2693.0,1351.0,24.0,21.0,17.0,70.0,47.0,32.0,valid,1,119598.0,1
  -15,L4750927,-114.520507,47.8775743,Flathead,US-MT-029,Montana,US-MT,25.0,79.0,7.208333492279053,13.40000057220459,35.54376602172852,873.4488525390625,29.39999961853028,-8.300000190734862,37.70000076293945,15.550000190734863,2.5,18.200000762939453,-3.4166667461395264,484.0,59.0,27.0,24.9372501373291,150.0,98.0,129.0,129.0,3272.0,1304.0,28.0,21.0,24.0,66.0,49.0,30.0,valid,1,119598.0,1
  -16,L2766903,-114.5138991,36.42970800000001,Clark,US-NV-003,Nevada,US-NV,18.0,23.0,19.95833396911621,13.366666793823242,35.17543792724609,932.1452026367188,40.70000076293945,2.700000047683716,38.0,10.883333206176758,24.0,31.71666717529297,8.949999809265137,149.0,21.0,3.0,42.57511520385742,54.0,15.0,35.0,48.0,4830.0,1530.0,21.0,10.0,4.0,79.0,20.0,69.0,valid,1,149393.0,1
  -17,L742391,-114.3385463,48.9416743,Flathead,US-MT-029,Montana,US-MT,59.0,104.0,3.7916667461395264,13.850000381469728,35.51282119750977,855.6678466796875,24.70000076293945,-14.300000190734863,39.0,-5.550000190734863,13.699999809265137,14.199999809265137,-6.916666507720947,712.0,77.0,43.0,19.229808807373047,212.0,141.0,168.0,189.0,2227.4416148295595,1371.9887783030604,19.628614083105248,18.488877830306045,29.49695197810401,60.41985568549391,37.4264866882309,44.08193580492661,valid,1,121931.0,1
  -18,L1148965,-113.7772029,37.2282102,Washington,US-UT-053,Utah,US-UT,18.0,65.0,14.983333587646484,16.299999237060547,41.581634521484375,860.7431640625,36.59999847412109,-2.5999999046325684,39.19999694824219,6.616666793823242,18.700000762939453,25.85000038146973,4.75,253.0,33.0,6.0,33.96683883666992,91.0,35.0,49.0,78.0,3012.0,1536.0,14.0,14.0,6.0,78.0,26.0,60.0,valid,1,153407.0,1
  -19,L2815501,-112.4155426,34.86898729999999,Yavapai,US-AZ-025,Arizona,US-AZ,63.0,62.0,14.3125,17.991666793823242,47.09860229492188,781.397705078125,34.700000762939446,-3.5,38.20000076293945,23.933332443237305,17.049999237060547,24.03333282470703,5.099999904632568,405.0,65.0,9.0,46.240989685058594,162.0,42.0,131.0,102.0,2426.0,1495.0,18.0,25.0,10.0,74.0,29.0,45.0,valid,1,128244.0,1
  -20,L2346947,-111.9797802,36.2791537,Coconino,US-AZ-005,Arizona,US-AZ,30.0,53.0,6.375,14.18333339691162,41.23061752319336,741.9400024414062,25.70000076293945,-8.699999809265138,34.400001525878906,15.833333969116213,8.183333396911621,15.833333969116213,-1.9833333492279053,518.0,69.0,16.0,37.30179214477539,165.0,69.0,165.0,135.0,1544.0,1290.0,27.0,22.0,32.0,67.0,36.0,42.0,valid,1,129973.0,1
  -21,L165064,-111.9525719,41.787153,Cache,US-UT-005,Utah,US-UT,84.0,97.0,8.345833778381348,15.008333206176758,35.230831146240234,985.4174194335938,31.79999923706055,-10.800000190734863,42.59999847412109,8.25,20.450000762939453,20.450000762939453,-4.2166666984558105,444.0,56.0,23.0,24.01418113708496,142.0,77.0,77.0,109.0,2227.4416148295595,1371.9887783030604,19.628614083105248,18.488877830306045,29.49695197810401,60.41985568549391,37.4264866882309,44.08193580492661,valid,1,169522.0,1
  -22,L1157826,-111.9265652,41.8055657,Cache,US-UT-005,Utah,US-UT,6.0,40.0,8.283333778381348,15.083333015441896,35.40688705444336,984.50341796875,31.79999923706055,-10.800000190734863,42.59999847412109,8.199999809265138,20.38333320617676,20.38333320617676,-4.2833333015441895,440.0,55.0,23.0,23.40156173706055,140.0,77.0,77.0,108.0,3753.0,1424.0,34.0,30.0,15.0,78.0,44.0,26.0,valid,1,169527.0,1
  -23,L6244093,-111.8185526,40.975192,Davis,US-UT-011,Utah,US-UT,8.0,39.0,4.0333333015441895,13.366666793823242,38.520652770996094,789.0538940429688,23.79999923706055,-10.899999618530272,34.699996948242195,1.850000023841858,14.133333206176758,14.133333206176758,-4.916666507720947,516.0,49.0,32.0,13.463086128234863,142.0,102.0,102.0,138.0,1974.0,1231.0,26.0,18.0,34.0,59.0,42.0,41.0,valid,1,171142.0,1
  -24,L714038,-111.812582,40.7496628,Salt Lake,US-UT-035,Utah,US-UT,12.0,34.0,10.483333587646484,13.883333206176758,35.14767837524414,930.220703125,32.5,-7.0,39.5,9.283332824707031,22.299999237060547,22.299999237060547,-0.6666666865348816,553.0,67.0,22.0,31.50840187072754,193.0,76.0,76.0,137.0,2706.0,1367.0,24.0,27.0,15.0,71.0,39.0,35.0,valid,1,173353.0,1
  -25,L8185594,-111.7794531,41.3763042,Weber,US-UT-057,Utah,US-UT,6.0,32.0,3.383333444595337,13.283332824707031,37.73674011230469,817.6277465820312,23.70000076293945,-11.5,35.20000076293945,1.2000000476837158,13.766666412353516,13.783332824707031,-6.0,493.0,50.0,32.0,11.965497016906738,138.0,103.0,106.0,125.0,1414.0,1220.0,28.0,22.0,35.0,61.0,47.0,31.0,valid,1,170742.0,1
  -26,L1178461,-111.7776275,41.7679349,Cache,US-UT-005,Utah,US-UT,14.0,41.0,7.724999904632567,13.966667175292969,34.656742095947266,955.1166381835938,30.5,-9.800000190734863,40.29999923706055,6.983333587646484,19.66666603088379,19.66666603088379,-4.066666603088379,470.0,56.0,24.0,23.8757266998291,151.0,81.0,81.0,113.0,1992.0,1320.0,29.0,25.0,21.0,73.0,46.0,29.0,valid,1,167008.0,1
  -27,L617866,-111.76375459999998,41.7700899,Cache,US-UT-005,Utah,US-UT,28.0,52.0,6.6875,14.108333587646484,35.627105712890625,926.1875,29.10000038146973,-10.5,39.59999847412109,5.7166666984558105,18.28333282470703,18.28333282470703,-4.650000095367432,457.0,52.0,25.0,21.0837631225586,144.0,83.0,83.0,109.0,1324.0,1257.0,29.0,26.0,23.0,72.0,42.0,32.0,valid,1,171153.0,1
  -28,L2943098,-111.74278,40.57133,Salt Lake,US-UT-035,Utah,US-UT,8.0,10.0,6.7791666984558105,14.141666412353516,36.82725524902344,877.466552734375,28.70000076293945,-9.699999809265137,38.400001525878906,-1.8166666030883791,17.983333587646484,17.983333587646484,-3.649999856948853,560.0,56.0,28.0,24.09199142456055,168.0,87.0,87.0,166.0,2688.0,1264.0,25.0,18.0,38.0,65.0,42.0,40.0,valid,1,170978.0,1
  -29,L4682121,-111.7427292,40.5711725,Salt Lake,US-UT-035,Utah,US-UT,6.0,13.0,6.7791666984558105,14.141666412353516,36.82725524902344,877.466552734375,28.70000076293945,-9.699999809265137,38.400001525878906,-1.8166666030883791,17.983333587646484,17.983333587646484,-3.649999856948853,560.0,56.0,28.0,24.09199142456055,168.0,87.0,87.0,166.0,2688.0,1264.0,25.0,18.0,38.0,65.0,42.0,40.0,valid,1,170978.0,1
  -30,L2967042,-111.738419,40.571598,Salt Lake,US-UT-035,Utah,US-UT,330.0,67.0,6.2750000953674325,14.149999618530272,37.23684310913086,865.0236206054688,28.0,-10.0,38.0,-2.183333158493042,17.33333396911621,17.33333396911621,-3.966666460037232,554.0,56.0,28.0,23.4148178100586,166.0,88.0,88.0,165.0,2580.0,1264.0,24.0,17.0,35.0,65.0,43.0,41.0,valid,1,170978.0,1
  -31,L299576,-111.68722,40.776814,Salt Lake,US-UT-035,Utah,US-UT,246.0,122.0,7.691666603088379,15.466667175292969,39.55669021606445,869.9420776367188,29.60000038146973,-9.5,39.09999847412109,6.599999904632568,18.56666755676269,18.56666755676269,-2.8666667938232417,544.0,61.0,26.0,25.34283447265625,170.0,83.0,83.0,146.0,2227.4416148295595,1371.9887783030604,19.628614083105248,18.488877830306045,29.49695197810401,60.41985568549391,37.4264866882309,44.08193580492661,valid,1,173359.0,1
  -32,L2906699,-111.65741,40.648398,Salt Lake,US-UT-035,Utah,US-UT,11.0,41.0,4.9666666984558105,14.033332824707031,39.090065002441406,802.4715576171875,25.5,-10.399999618530272,35.900001525878906,-3.3333332538604736,15.283332824707031,15.283332824707031,-4.2833333015441895,512.0,50.0,30.0,16.724353790283207,150.0,95.0,95.0,148.0,1913.0,1279.0,21.0,20.0,28.0,61.0,42.0,39.0,valid,1,170493.0,1
  -33,L11415455,-111.65672240000002,40.64812050000001,Salt Lake,US-UT-035,Utah,US-UT,12.0,23.0,4.9666666984558105,14.033332824707031,39.090065002441406,802.4715576171875,25.5,-10.399999618530272,35.900001525878906,-3.3333332538604736,15.283332824707031,15.283332824707031,-4.2833333015441895,512.0,50.0,30.0,16.724353790283207,150.0,95.0,95.0,148.0,1913.0,1279.0,21.0,20.0,28.0,61.0,42.0,39.0,valid,1,170493.0,1
  -34,L1171274,-111.6560912,40.5815549,Salt Lake,US-UT-035,Utah,US-UT,133.0,79.0,2.9125001430511475,13.258333206176758,37.347415924072266,801.9581909179688,23.20000076293945,-12.300000190734863,35.5,-5.333333015441895,13.31666660308838,13.31666660308838,-6.183333396911621,517.0,48.0,33.0,11.903942108154297,144.0,107.0,107.0,143.0,2431.0,1286.0,29.0,17.0,36.0,58.0,43.0,40.0,valid,1,170973.0,1
  -35,L506735,-111.6554475,40.4905978,Utah,US-UT-049,Utah,US-UT,16.0,53.0,6.0250000953674325,14.56666660308838,38.84444427490234,837.87744140625,27.5,-10.0,37.5,-3.849999904632568,16.716667175292972,16.716667175292972,-3.849999904632568,536.0,58.0,28.0,22.51292610168457,166.0,89.0,89.0,166.0,1843.0,1269.0,21.0,18.0,32.0,63.0,42.0,39.0,valid,1,170958.0,1
  -36,L11445622,-111.65248429999998,40.6467912,Salt Lake,US-UT-035,Utah,US-UT,8.0,26.0,4.9666666984558105,14.033332824707031,39.090065002441406,802.4715576171875,25.5,-10.399999618530272,35.900001525878906,-3.3333332538604736,15.283332824707031,15.283332824707031,-4.2833333015441895,512.0,50.0,30.0,16.724353790283207,150.0,95.0,95.0,148.0,2248.0,1307.0,22.0,19.0,27.0,60.0,43.0,38.0,valid,1,170493.0,1
  -37,L387482,-111.64474009999998,40.58754310000001,Salt Lake,US-UT-035,Utah,US-UT,116.0,74.0,2.575000047683716,13.149999618530272,37.46438598632813,792.4515991210938,22.60000038146973,-12.5,35.09999847412109,-5.5,12.866666793823242,12.866666793823242,-6.349999904632568,521.0,48.0,34.0,10.58001708984375,143.0,110.0,110.0,142.0,2352.0,1275.0,29.0,19.0,44.0,59.0,40.0,40.0,valid,1,170973.0,1
  -38,L7742162,-111.6411173,40.41175689999999,Utah,US-UT-049,Utah,US-UT,10.0,49.0,2.962500095367432,13.608333587646484,39.10440444946289,785.4041748046875,22.70000076293945,-12.100000381469728,34.800003051757805,-4.849999904632568,9.883333206176758,13.06666660308838,-5.866666793823242,510.0,49.0,33.0,11.06839084625244,144.0,111.0,111.0,144.0,1547.0,1230.0,32.0,20.0,43.0,60.0,38.0,42.0,valid,1,169355.0,1
  -39,L504337,-111.638791,40.4311342,Utah,US-UT-049,Utah,US-UT,47.0,57.0,4.808333396911621,14.116666793823242,38.78205108642578,820.451171875,25.60000038146973,-10.800000190734863,36.400001525878906,-3.75,15.31666660308838,15.31666660308838,-4.7166666984558105,499.0,52.0,29.0,17.643333435058594,151.0,95.0,95.0,151.0,2347.0,1265.0,20.0,16.0,25.0,60.0,41.0,42.0,valid,1,170840.0,1
  -40,L502962,-111.6318536,40.31124929999999,Utah,US-UT-049,Utah,US-UT,18.0,53.0,8.991666793823242,15.850000381469728,39.33002471923828,892.9467163085938,32.0,-8.300000190734862,40.29999923706055,0.1833332777023315,20.36666679382324,20.36666679382324,-1.5499999523162842,524.0,56.0,25.0,25.42496109008789,165.0,80.0,80.0,161.0,1987.0,1314.0,31.0,27.0,23.0,67.0,38.0,36.0,valid,1,169499.0,1
  -41,L9571962,-111.63177,40.593834,Salt Lake,US-UT-035,Utah,US-UT,77.0,60.0,2.070833444595337,12.975000381469728,38.161766052246094,767.1715087890625,21.5,-12.5,34.0,-5.449999809265137,8.800000190734863,12.050000190734863,-6.383333206176758,522.0,49.0,35.0,9.605979919433594,145.0,116.0,116.0,144.0,2609.0,1255.0,35.0,23.0,37.0,60.0,44.0,33.0,valid,1,170972.0,1
  -42,L3756054,-111.6316482,40.5894537,Salt Lake,US-UT-035,Utah,US-UT,31.0,49.0,2.254166841506958,13.091667175292969,37.511940002441406,785.8969116210938,22.200000762939453,-12.699999809265137,34.900001525878906,-5.683333396911621,12.466667175292969,12.466667175292969,-6.549999713897705,517.0,48.0,34.0,10.393381118774414,143.0,112.0,112.0,142.0,1825.0,1226.0,28.0,19.0,37.0,59.0,43.0,38.0,valid,1,170972.0,1
  -43,L7544626,-111.6314488,40.5941849,Salt Lake,US-UT-035,Utah,US-UT,7.0,27.0,2.070833444595337,12.975000381469728,38.161766052246094,767.1715087890625,21.5,-12.5,34.0,-5.449999809265137,8.800000190734863,12.050000190734863,-6.383333206176758,522.0,49.0,35.0,9.605979919433594,145.0,116.0,116.0,144.0,2609.0,1255.0,35.0,23.0,37.0,60.0,44.0,33.0,valid,1,170972.0,1
  ... 263 further lines not shown (cap is 50)
