dataset:    science-of-finetuning/diffing-stats-gemma-2-2b-L13-k100-lr1e-04-local-shuffling-Decoupled
commit:     0998f271bf33f5eacfeb8612457745305f40c93c
type:       rename/split-standardization
message:    Added max activations and frequencies for validation split
status:     archived
hub:        reachable (HTTP 200)
generated:  2026-08-01T03:47:34Z by analysis/archive_evidence.py, wrapping inspect_commit.py --download --show_rows
============================================================
# science-of-finetuning/diffing-stats-gemma-2-2b-L13-k100-lr1e-04-local-shuffling-Decoupled @ 0998f271bf
message: Added max activations and frequencies for validation split 

file changes:
M	feature_df.csv   [stored in Git LFS]

[feature_df.csv] delimiter ',' at both revisions
  column change:
    removed: []
    added:   ['freq_val', 'max_act_val']
  payload size 12,110,228 -> 14,814,932 bytes (+2,704,704): the data did change
  first 20 lines at each revision (head sample, not a diff of the whole file):
  --- feature_df.csv@113e507bf3
  +++ feature_df.csv@0998f271bf
  @@ -1,20 +1,20 @@
  -,dec_base_norm,dec_instruct_norm,dec_norm_diff,tag,enc_base_norm,enc_instruct_norm,enc_norm_diff,dec_cos_sim,enc_cos_sim
  -0,0.893364429473877,0.8893684148788452,0.5022364854812622,Shared,0.7674196362495422,0.525297224521637,0.6577509641647339,0.9609991908073425,0.4026276171207428
  -1,1.058024287223816,1.0047273635864258,0.5251870155334473,Shared,1.061518669128418,1.0739496946334839,0.49421247839927673,0.8706648349761963,0.6825286149978638
  -2,0.8763006925582886,1.066493272781372,0.4108327329158783,Shared,1.1499345302581787,1.1669083833694458,0.49272701144218445,0.86005699634552,0.8001449108123779
  -3,1.0179994106292725,0.9585691690444946,0.5291897058486938,Shared,0.8581573963165283,0.68144291639328,0.6029615998268127,0.916938066482544,0.566425085067749
  -4,1.030739426612854,0.8945003151893616,0.566088080406189,Shared,1.0958985090255737,1.0029668807983398,0.5423997640609741,0.69956374168396,0.7743216753005981
  -5,0.9867079257965088,1.0409860610961914,0.4739294648170471,Shared,1.0859354734420776,1.1177068948745728,0.4857872426509857,0.8717244267463684,0.6102786064147949
  -6,0.8275108337402344,0.9419490098953247,0.4392545819282532,Shared,0.7807731628417969,0.6783739924430847,0.5655754804611206,0.9586798548698425,0.5797529220581055
  -7,1.208773136138916,1.2571340799331665,0.4807654023170471,Shared,1.0778634548187256,1.0556098222732544,0.5103230476379395,0.8915976285934448,0.8563141822814941
  -8,1.0648858547210693,0.4876815676689148,0.7710169553756714,Other,0.944482147693634,0.32963553071022034,0.8254940509796143,0.8081911206245422,-0.39739227294921875
  -9,1.1781779527664185,1.2259594202041626,0.4805126190185547,Shared,0.9468930959701538,0.802150309085846,0.5764303803443909,0.9639722108840942,0.6651604175567627
  -10,1.0439049005508423,1.1004518270492554,0.47430741786956787,Shared,1.183565616607666,1.1631845235824585,0.5086100101470947,0.8823515176773071,0.8548404574394226
  -11,0.9569368958473206,1.027612328529358,0.4656118154525757,Shared,0.8748840093612671,0.7340893149375916,0.580464780330658,0.9360122680664062,0.5461539030075073
  -12,1.03287672996521,1.145981788635254,0.45065146684646606,Shared,1.0651910305023193,1.0599019527435303,0.5024827122688293,0.9753404855728149,0.8319138288497925
  -13,0.7438095211982727,0.9627459645271301,0.3862958550453186,Other,1.180131196975708,1.2434115409851074,0.4745537340641022,0.38255390524864197,0.7593442797660828
  -14,1.015648603439331,1.0935078859329224,0.4643993079662323,Shared,0.9211000204086304,0.8915497064590454,0.5160408020019531,0.9404796361923218,0.7902999520301819
  -15,1.0143537521362305,1.1347112655639648,0.4469655752182007,Shared,1.1631245613098145,1.1580432653427124,0.5021843314170837,0.7984789609909058,0.8590430021286011
  -16,1.060948371887207,1.1249494552612305,0.4715538024902344,Shared,1.2153258323669434,1.1955925226211548,0.5081185102462769,0.9148892760276794,0.8876510858535767
  -17,1.0132317543029785,1.08055579662323,0.46884748339653015,Shared,1.0794172286987305,1.0540478229522705,0.5117514133453369,0.8934046626091003,0.8692414164543152
  -18,0.7947644591331482,0.7937237620353699,0.5006546974182129,Shared,0.7944862246513367,0.7250285744667053,0.543712317943573,0.9146503806114197,0.692278265953064
  +,dec_base_norm,dec_instruct_norm,dec_norm_diff,tag,enc_base_norm,enc_instruct_norm,enc_norm_diff,dec_cos_sim,enc_cos_sim,max_act_val,freq_val
  +0,0.893364429473877,0.8893684148788452,0.5022364854812622,Shared,0.7674196362495422,0.525297224521637,0.6577509641647339,0.9609991908073424,0.4026276171207428,55.48658752441406,0.003983898088335991
  +1,1.058024287223816,1.0047273635864258,0.5251870155334473,Shared,1.061518669128418,1.073949694633484,0.4942124783992767,0.8706648349761963,0.6825286149978638,68.37446594238281,1.260942099179374e-06
  +2,0.8763006925582886,1.066493272781372,0.4108327329158783,Shared,1.1499345302581787,1.1669083833694458,0.4927270114421844,0.86005699634552,0.8001449108123779,66.39266967773438,5.9070283896289766e-05
  +3,1.0179994106292725,0.9585691690444946,0.5291897058486938,Shared,0.8581573963165283,0.68144291639328,0.6029615998268127,0.916938066482544,0.566425085067749,91.71156311035156,0.0005110694910399616
  +4,1.030739426612854,0.8945003151893616,0.566088080406189,Shared,1.0958985090255735,1.0029668807983398,0.5423997640609741,0.69956374168396,0.7743216753005981,59.722801208496094,5.0534676120150834e-05
  +5,0.9867079257965088,1.0409860610961914,0.4739294648170471,Shared,1.0859354734420776,1.1177068948745728,0.4857872426509857,0.8717244267463684,0.6102786064147949,0.0,0.0
  +6,0.8275108337402344,0.9419490098953248,0.4392545819282532,Shared,0.7807731628417969,0.6783739924430847,0.5655754804611206,0.9586798548698424,0.5797529220581055,66.81610870361328,0.0022843419574201107
  +7,1.208773136138916,1.2571340799331665,0.4807654023170471,Shared,1.0778634548187256,1.0556098222732544,0.5103230476379395,0.8915976285934448,0.8563141822814941,114.7605209350586,2.0757046513608657e-05
  +8,1.0648858547210691,0.4876815676689148,0.7710169553756714,Other,0.944482147693634,0.3296355307102203,0.8254940509796143,0.8081911206245422,-0.3973922729492187,50.16585159301758,0.017890634015202522
  +9,1.1781779527664185,1.2259594202041626,0.4805126190185547,Shared,0.9468930959701538,0.802150309085846,0.5764303803443909,0.9639722108840942,0.6651604175567627,90.84236145019531,0.0005551055073738098
  +10,1.0439049005508425,1.1004518270492554,0.4743074178695678,Shared,1.183565616607666,1.1631845235824585,0.5086100101470947,0.8823515176773071,0.8548404574394226,0.0,0.0
  +11,0.9569368958473206,1.027612328529358,0.4656118154525757,Shared,0.8748840093612671,0.7340893149375916,0.580464780330658,0.9360122680664062,0.5461539030075073,69.95783996582031,0.0010691818315535784
  +12,1.03287672996521,1.145981788635254,0.450651466846466,Shared,1.0651910305023191,1.0599019527435305,0.5024827122688293,0.9753404855728148,0.8319138288497925,75.36467742919922,2.2599961084779352e-05
  +13,0.7438095211982727,0.96274596452713,0.3862958550453186,Other,1.180131196975708,1.2434115409851074,0.4745537340641022,0.3825539052486419,0.7593442797660828,125.93401336669922,2.812870661728084e-06
  +14,1.015648603439331,1.0935078859329224,0.4643993079662323,Shared,0.9211000204086304,0.8915497064590454,0.5160408020019531,0.9404796361923218,0.7902999520301819,94.0467758178711,5.082566349301487e-05
  +15,1.0143537521362305,1.1347112655639648,0.4469655752182007,Shared,1.1631245613098145,1.1580432653427124,0.5021843314170837,0.7984789609909058,0.8590430021286011,22.143089294433594,7.2746656769595575e-06
  +16,1.060948371887207,1.1249494552612305,0.4715538024902344,Shared,1.2153258323669434,1.1955925226211548,0.5081185102462769,0.9148892760276794,0.8876510858535767,134.39718627929688,1.7653188479016535e-05
  +17,1.0132317543029783,1.08055579662323,0.4688474833965301,Shared,1.0794172286987305,1.0540478229522705,0.5117514133453369,0.8934046626091003,0.8692414164543152,0.0,0.0
  +18,0.7947644591331482,0.7937237620353699,0.5006546974182129,Shared,0.7944862246513367,0.7250285744667053,0.543712317943573,0.9146503806114196,0.692278265953064,52.849334716796875,0.0008746088133193552
