dataset:    science-of-finetuning/diffing-stats-gemma-2-2b-L13-k100-lr1e-04-local-shuffling-CCLoss
commit:     e1c4c211812401324a3e66826b3faaf04a52caeb
type:       rename/split-standardization
message:    Added max activations for validation split
status:     archived
hub:        reachable (HTTP 200)
generated:  2026-07-31T18:09:19Z by analysis/archive_evidence.py, wrapping inspect_commit.py --download --show_rows
============================================================
# science-of-finetuning/diffing-stats-gemma-2-2b-L13-k100-lr1e-04-local-shuffling-CCLoss @ e1c4c21181
message: Added max activations for validation split 

file changes:
M	feature_df.csv   [stored in Git LFS]

[feature_df.csv] column change:
  removed: []
  added:   ['max_act_val']
  payload size 41,031,102 -> 41,504,806 bytes (+473,704): the data did change
  first 20 lines at each revision (head sample, not a diff of the whole file):
  --- feature_df.csv@9ae0b67262
  +++ feature_df.csv@e1c4c21181
  @@ -1,20 +1,20 @@
  -latent,tag,dec_norm_diff,lmsys_ctrl_%,lmsys_bos_%,lmsys_user_%,lmsys_assistant_%,lmsys_freq,lmsys_ctrl_freq,lmsys_non_ctrl_freq,dec_cos_sim,enc_cos_sim,enc_norm_diff,dec_base_norm,dec_instruct_norm,enc_base_norm,enc_instruct_norm,lmsys_bos_freq,lmsys_assistant_freq,lmsys_user_freq,lmsys_ctrl_1_freq,lmsys_ctrl_2_freq,lmsys_ctrl_3_freq,lmsys_ctrl_4_freq,lmsys_ctrl_5_freq,lmsys_ctrl_6_freq,lmsys_ctrl_7_freq,lmsys_ctrl_8_freq,lmsys_ctrl_9_freq,lmsys_ctrl_10_freq,ctrl_1_%,ctrl_2_%,ctrl_3_%,ctrl_4_%,ctrl_5_%,ctrl_6_%,ctrl_7_%,ctrl_8_%,ctrl_9_%,ctrl_10_%,ctrl_mean,ctrl_max,non_ctrl_mean,non_ctrl_max,bos_mean,bos_max,assistant_mean,assistant_max,user_mean,user_max,ctrl_1_mean,ctrl_1_max,ctrl_2_mean,ctrl_2_max,ctrl_3_mean,ctrl_3_max,ctrl_4_mean,ctrl_4_max,ctrl_5_mean,ctrl_5_max,ctrl_6_mean,ctrl_6_max,ctrl_7_mean,ctrl_7_max,ctrl_8_mean,ctrl_8_max,ctrl_9_mean,ctrl_9_max,ctrl_10_mean,ctrl_10_max,lmsys_non_ctrl_%,lmsys_ctrl_1_%,lmsys_ctrl_2_%,lmsys_ctrl_3_%,lmsys_ctrl_4_%,lmsys_ctrl_5_%,lmsys_ctrl_6_%,lmsys_ctrl_7_%,lmsys_ctrl_8_%,lmsys_ctrl_9_%,lmsys_ctrl_10_%,beta_error_base,beta_error_chat,beta_ratio_error,beta_reconstruction_base,beta_reconstruction_chat,beta_ratio_reconstruction,beta_activation_base,beta_activation_chat,beta_activation_ratio
  -0,Other,0.3571920692920685,0.002308268175012477,0.0,0.2012631052379265,0.7987368947620735,0.009317250961456676,0.0003962346994506259,0.009829253671654535,0.9718663692474364,0.3699902296066284,0.429431676864624,0.7851204872131348,1.0990172624588013,0.5481524467468262,0.6382300853729248,0.0,0.010629734296863645,0.007442996253064956,0.0,0.0,2.929201206830897e-05,0.0,0.0011799061974573021,0.0,0.00013394651069339645,0.0029033410755762014,0.0,9.366365381913548e-05,,,,,,,,,,,9.224538790213096,17.01279,11.172029527490892,73.76238,,,11.2386653504128,73.76238,10.907577231489332,72.28764,,,,,6.303299427032471,6.3032994,,,8.827101910114289,17.01279,,,6.366353988647461,6.936073,9.62932515511146,14.420602,,,9.765616416931152,11.107902,0.9976917318249875,0.0,0.0,0.009009009009009009,0.0,0.36036036036036034,0.0,0.02702702702702703,0.5855855855855856,0.0,0.018018018018018018,,,,,,,,,
  -1,Shared,0.4745150208473205,,,,,0.0,0.0,0.0,0.914900839328766,0.6681716442108154,0.4903502166271209,0.9359082579612732,0.986173450946808,1.0016212463378906,1.0213325023651123,0.0,0.0,0.0,0.0,0.0,0.0,0.0,0.0,0.0,0.0,0.0,0.0,0.0,,,,,,,,,,,,,,,,,,,,,,,,,,,,,,,,,,,,,,,,,,,,,,,,,,,,,,,,,,,,
  -2,Shared,0.4265586733818054,0.0,0.0,0.12771996215704826,0.8722800378429517,0.00020479816724046967,0.0,0.0002165521214527554,0.9500938653945924,0.7515056133270264,0.5017079710960388,0.8283534646034241,0.97097247838974,0.8980504274368286,0.8949827551841736,0.0,0.00025575050290201925,0.00010406011745689405,0.0,0.0,0.0,0.0,0.0,0.0,0.0,0.0,0.0,0.0,,,,,,,,,,,,,16.29469660214918,91.695786,,,16.195272509808657,91.695786,16.97372632909704,81.33382,,,,,,,,,,,,,,,,,,,,,1.0,,,,,,,,,,,,,,,,,,,
  -3,Other,0.3842665553092956,0.007936507936507936,0.0,0.488,0.512,0.00021971723902619925,3.212713779329399e-05,0.00023048357297478694,0.8961963653564453,0.6827545166015625,0.4945455193519592,0.9749611020088196,1.2685999870300293,0.8797003030776978,0.8894027471542358,0.0,0.00015977471764811615,0.00042317781099136917,0.0,0.0,0.0,8.847469623687625e-05,0.00017698592961859532,0.0,0.0,0.0,0.0,0.0,,,,,,,,,,,12.760502285427517,20.289106,31.392263848198784,126.34537,,,27.923198208212852,113.581276,35.031939273757786,126.34537,,,,,,,12.113771756490072,14.923323,13.08386754989624,20.289106,,,,,,,,,,,0.9920634920634921,0.0,0.0,0.0,0.3333333333333333,0.6666666666666666,0.0,0.0,0.0,0.0,0.0,,,,,,,,,
  -4,Shared,0.4973675608634949,0.0,0.0,0.4386298763082778,0.5613701236917221,0.00020363564216625696,0.0,0.00021532287573022317,0.8605504035949707,0.3762047588825226,0.5559125542640686,1.278840184211731,1.2856087684631348,0.6947528123855591,0.617061972618103,0.0,0.00016365813092428564,0.00035534603072317155,0.0,0.0,0.0,0.0,0.0,0.0,0.0,0.0,0.0,0.0,,,,,,,,,,,,,19.428176847670223,97.946815,,,18.074513728739856,71.603264,21.160630730899967,97.946815,,,,,,,,,,,,,,,,,,,,,1.0,,,,,,,,,,,,,,,,,,,
  -5,Shared,0.4424116313457489,0.0,0.0,0.35555555555555557,0.6444444444444445,8.718938056595209e-06,0.0,9.219342918991477e-06,0.8375094532966614,0.6570057272911072,0.484211266040802,1.0302166938781738,1.1643191576004028,1.1778457164764404,1.2162518501281738,0.0,8.044213214922515e-06,1.233305095785411e-05,0.0,0.0,0.0,0.0,0.0,0.0,0.0,0.0,0.0,0.0,,,,,,,,,,,,,14.80068375269572,24.820667,,,13.345282587511786,31.661867,17.4385983645916,24.820667,,,,,,,,,,,,,,,,,,,,,1.0,,,,,,,,,,,,,,,,,,,
  -6,Shared,0.4705872237682342,0.004518072289156626,0.0,0.37065052950075644,0.6293494704992436,0.00012865277487953818,1.0709045931098e-05,0.00013542190376563038,0.9432125091552734,0.6675698161125183,0.529336154460907,0.9239758253097534,0.9817264080047609,0.8163232207298279,0.7684276700019836,0.0,0.00011539285163475056,0.00018884984279214108,0.0,0.0,0.0,0.0,5.8995309872865106e-05,0.0,0.0,4.4666785778095405e-05,0.0,0.0,,,,,,,,,,,7.517692883809407,8.670419,12.822257316058414,64.8935,,,12.836787453064552,68.42787,12.79758573648881,64.1684,,,,,,,,,7.511619567871094,8.670419,,,,,7.529839515686035,7.5298395,,,,,0.9954819277108434,0.0,0.0,0.0,0.0,0.6666666666666666,0.0,0.0,0.3333333333333333,0.0,0.0,,,,,,,,,
  -7,Shared,0.4885178804397583,0.0,0.0,0.27586206896551724,0.7241379310344828,5.6188711920280235e-06,0.0,5.941354325572286e-06,0.8891435861587524,0.8672693371772766,0.5101830363273621,1.0951032638549805,1.1208425760269165,1.1005470752716064,1.078133225440979,0.0,5.825119914254235e-06,6.166525478927055e-06,0.0,0.0,0.0,0.0,0.0,0.0,0.0,0.0,0.0,0.0,,,,,,,,,,,,,21.528636554191852,89.796295,,,21.015209856487456,77.06108,22.876381635665894,89.796295,,,,,,,,,,,,,,,,,,,,,1.0,,,,,,,,,,,,,,,,,,,
  -8,Shared,0.4725073277950287,0.0,0.0,0.02247191011235955,0.9775280898876404,1.724412193415497e-05,0.0,1.8233811550894255e-05,0.8826440572738647,0.889218807220459,0.5050988793373108,0.9417499303817748,0.9965453147888184,1.1228541135787964,1.111403465270996,0.0,2.4132639644767544e-05,1.5416313697317638e-06,0.0,0.0,0.0,0.0,0.0,0.0,0.0,0.0,0.0,0.0,,,,,,,,,,,,,39.94152317690045,126.05646,,,40.70371833340875,126.05646,6.786033868789673,7.4881663,,,,,,,,,,,,,,,,,,,,,1.0,,,,,,,,,,,,,,,,,,,
  -9,Other,0.3344780802726745,0.006537805571347356,0.0,0.031598513011152414,0.9684014869888475,0.0013632544036934196,0.00016420537094350264,0.0014320712667500095,0.8019963502883911,0.5027135610580444,0.448494017124176,0.6973450183868408,1.0424375534057615,0.7840464115142822,0.874087929725647,0.0,0.0018787398656782825,0.0001703502663553599,0.0,0.0,2.929201206830897e-05,8.847469623687625e-05,0.00011799061974573021,0.00013392259274139549,0.0,0.0,0.00018725715088244933,0.0014517866341966,,,,,,,,,,,10.19218283114226,20.111326,15.536171370684997,90.62696,,,15.70322680688054,90.62696,10.345720614782826,37.375603,,,,,6.715055465698242,6.7150555,9.208290259043375,10.320825,11.78617525100708,19.080973,10.908195654551188,13.272851,,,,,11.63038444519043,20.111326,9.939021233589418,19.90551,0.9934621944286527,0.0,0.0,0.021739130434782608,0.06521739130434782,0.08695652173913043,0.06521739130434782,0.0,0.0,0.08695652173913043,0.6739130434782609,0.5703309178352356,1.047743320465088,0.5443422131119563,1.9689487218856807,3.1492769718170166,0.6252065917052924,2.0027782917022705,3.197019338607788,0.6264517288076287
  -10,Shared,0.4418201148509979,0.0003681207436039021,0.0,0.3132019885840545,0.6867980114159455,0.0010526664546995949,7.139363954065333e-06,0.001112672253178727,0.9616891145706176,0.7299259901046753,0.5163924694061279,0.6879666447639465,0.778559684753418,0.7958596348762512,0.7697674036026001,0.0,0.0010346522514365856,0.0013111574799568651,0.0,0.0,0.0,0.0,5.8995309872865106e-05,0.0,0.0,0.0,0.0,0.0,,,,,,,,,,,13.693077087402344,14.481515,9.960395692352234,48.564404,,,10.069253927900695,44.37254,9.72168833280155,48.564404,,,,,,,,,13.693077087402344,14.481515,,,,,,,,,,,0.9996318792563961,0.0,0.0,0.0,0.0,1.0,0.0,0.0,0.0,0.0,0.0,,,,,,,,,
  -11,Shared,0.4658586084842682,0.04150737302020754,0.0,0.4757834757834758,0.5242165242165242,0.00035476390181390726,0.00027129583025448263,0.0003595543738406676,0.8730448484420776,0.7195917963981628,0.527349591255188,0.8827099204063416,0.9474011063575744,1.0696470737457275,1.0111382007598877,0.0,0.0002551957295768522,0.0006436310968630114,0.0,0.0,0.0,0.0010027132240179309,0.0012389015073301672,0.0,0.0,0.0,0.0,0.0,,,,,,,,,,,11.870849728584286,17.00262,17.049551503542823,77.77314,,,15.610192770543305,69.60955,18.635431784212948,77.77314,,,,,,,11.489128870122572,17.00262,12.179861852100917,13.757475,,,,,,,,,,,0.9584926269797924,0.0,0.0,0.0,0.4473684210526316,0.5526315789473685,0.0,0.0,0.0,0.0,0.0,,,,,,,,,
  -12,Shared,0.4374442994594574,0.0,0.0,0.34615384615384615,0.6538461538461539,5.037608654921676e-06,0.0,5.326731464306187e-06,0.9477961659431458,0.8683336973190308,0.5029689073562622,0.98811012506485,1.1294125318527222,1.0956252813339231,1.0891196727752686,0.0,4.715573263920095e-06,6.937341163792937e-06,0.0,0.0,0.0,0.0,0.0,0.0,0.0,0.0,0.0,0.0,,,,,,,,,,,,,40.67884294803326,94.9423,,,34.25018619088566,93.81788,52.821861267089844,94.9423,,,,,,,,,,,,,,,,,,,,,1.0,,,,,,,,,,,,,,,,,,,
  -13,Shared,0.4145652055740356,0.0,0.0,1.0,0.0,1.4919071785729578e-05,0.0,1.577532010582986e-05,0.4766566455364227,0.8069871664047241,0.494535893201828,0.7539112567901611,0.909279465675354,1.136379361152649,1.1489351987838743,0.0,0.0,5.9352807734672906e-05,0.0,0.0,0.0,0.0,0.0,0.0,0.0,0.0,0.0,0.0,,,,,,,,,,,,,78.0668602670942,105.53479,,,,,78.0668602670942,105.53479,,,,,,,,,,,,,,,,,,,,,1.0,,,,,,,,,,,,,,,,,,,
  -14,Shared,0.5086603164672852,0.0,0.0,0.3401360544217687,0.6598639455782312,2.8481864318211014e-05,0.0,3.011652020203883e-05,0.9429576992988586,0.601377010345459,0.6045921444892883,1.0745813846588137,1.055968999862671,0.8195529580116272,0.648115336894989,0.0,2.6906506270602893e-05,3.85407842432941e-05,0.0,0.0,0.0,0.0,0.0,0.0,0.0,0.0,0.0,0.0,,,,,,,,,,,,,11.171280834950558,41.14525,,,11.500738768233466,41.14525,10.532132444381714,37.406307,,,,,,,,,,,,,,,,,,,,,1.0,,,,,,,,,,,,,,,,,,,
  -15,Shared,0.4447126388549804,,,,,0.0,0.0,0.0,0.7104471325874329,0.8962023258209229,0.4968085587024688,1.0306429862976074,1.1587741374969482,1.076740026473999,1.083656907081604,0.0,0.0,0.0,0.0,0.0,0.0,0.0,0.0,0.0,0.0,0.0,0.0,0.0,,,,,,,,,,,,,,,,,,,,,,,,,,,,,,,,,,,,,,,,,,,,,,,,,,,,,,,,,,,,
  -16,Shared,0.441675454378128,0.0,0.0,0.6716417910447762,0.3283582089552239,6.490764997687544e-05,0.0,6.863288617471433e-05,0.5690782070159912,0.820112943649292,0.5167550444602966,0.9898024797439576,1.1205087900161743,1.2040408849716189,1.1636933088302612,0.0,3.0512532884188848e-05,0.00017343352909482345,0.0,0.0,0.0,0.0,0.0,0.0,0.0,0.0,0.0,0.0,,,,,,,,,,,,,21.444603168430614,79.91444,,,11.784351739016445,18.09824,26.167392756144206,79.91444,,,,,,,,,,,,,,,,,,,,,1.0,,,,,,,,,,,,,,,,,,,
  -17,Shared,0.4448586404323578,0.0,0.0,0.3559451219512195,0.6440548780487805,0.0002542054828945092,0.0,0.00026879506466037374,0.9390677809715272,0.600155234336853,0.5404958724975586,0.7792680263519287,0.8758602738380432,0.7470731735229492,0.6865664124488831,0.0,0.00023439172988308707,0.00035997092483236687,0.0,0.0,0.0,0.0,0.0,0.0,0.0,0.0,0.0,0.0,,,,,,,,,,,,,9.339240654212668,27.895777,,,9.167183138491833,26.117804,9.650565281159361,27.895777,,,,,,,,,,,,,,,,,,,,,1.0,,,,,,,,,,,,,,,,,,,
  -18,Shared,0.4497574865818023,0.0,0.0,0.2,0.8,9.687708951772453e-06,0.0,1.0243714354434975e-05,0.9762691855430604,0.8031934499740601,0.5040352940559387,1.1001179218292236,1.2230123281478882,1.1952687501907349,1.185622215270996,0.0,1.10954665033414e-05,7.70815684865882e-06,0.0,0.0,0.0,0.0,0.0,0.0,0.0,0.0,0.0,0.0,,,,,,,,,,,,,56.17702493667603,113.83334,,,55.464967942237855,112.01017,59.02525291442871,113.83334,,,,,,,,,,,,,,,,,,,,,1.0,,,,,,,,,,,,,,,,,,,
  +latent,tag,dec_norm_diff,lmsys_ctrl_%,lmsys_bos_%,lmsys_user_%,lmsys_assistant_%,lmsys_freq,lmsys_ctrl_freq,lmsys_non_ctrl_freq,dec_cos_sim,enc_cos_sim,enc_norm_diff,dec_base_norm,dec_instruct_norm,enc_base_norm,enc_instruct_norm,lmsys_bos_freq,lmsys_assistant_freq,lmsys_user_freq,lmsys_ctrl_1_freq,lmsys_ctrl_2_freq,lmsys_ctrl_3_freq,lmsys_ctrl_4_freq,lmsys_ctrl_5_freq,lmsys_ctrl_6_freq,lmsys_ctrl_7_freq,lmsys_ctrl_8_freq,lmsys_ctrl_9_freq,lmsys_ctrl_10_freq,ctrl_1_%,ctrl_2_%,ctrl_3_%,ctrl_4_%,ctrl_5_%,ctrl_6_%,ctrl_7_%,ctrl_8_%,ctrl_9_%,ctrl_10_%,ctrl_mean,ctrl_max,non_ctrl_mean,non_ctrl_max,bos_mean,bos_max,assistant_mean,assistant_max,user_mean,user_max,ctrl_1_mean,ctrl_1_max,ctrl_2_mean,ctrl_2_max,ctrl_3_mean,ctrl_3_max,ctrl_4_mean,ctrl_4_max,ctrl_5_mean,ctrl_5_max,ctrl_6_mean,ctrl_6_max,ctrl_7_mean,ctrl_7_max,ctrl_8_mean,ctrl_8_max,ctrl_9_mean,ctrl_9_max,ctrl_10_mean,ctrl_10_max,lmsys_non_ctrl_%,lmsys_ctrl_1_%,lmsys_ctrl_2_%,lmsys_ctrl_3_%,lmsys_ctrl_4_%,lmsys_ctrl_5_%,lmsys_ctrl_6_%,lmsys_ctrl_7_%,lmsys_ctrl_8_%,lmsys_ctrl_9_%,lmsys_ctrl_10_%,beta_error_base,beta_error_chat,beta_ratio_error,beta_reconstruction_base,beta_reconstruction_chat,beta_ratio_reconstruction,beta_activation_base,beta_activation_chat,beta_activation_ratio,max_act_val
  +0,Other,0.3571920692920685,0.0023082681750124,0.0,0.2012631052379265,0.7987368947620735,0.0093172509614566,0.0003962346994506,0.0098292536716545,0.9718663692474364,0.3699902296066284,0.429431676864624,0.7851204872131348,1.0990172624588013,0.5481524467468262,0.6382300853729248,0.0,0.0106297342968636,0.0074429962530649,0.0,0.0,2.929201206830897e-05,0.0,0.0011799061974573,0.0,0.0001339465106933,0.0029033410755762,0.0,9.366365381913548e-05,,,,,,,,,,,9.224538790213096,17.01279,11.172029527490892,73.76238,,,11.2386653504128,73.76238,10.907577231489332,72.28764,,,,,6.303299427032471,6.3032994,,,8.827101910114289,17.01279,,,6.366353988647461,6.936073,9.62932515511146,14.420602,,,9.765616416931152,11.107902,0.9976917318249876,0.0,0.0,0.009009009009009,0.0,0.3603603603603603,0.0,0.027027027027027,0.5855855855855856,0.0,0.018018018018018,,,,,,,,,,73.76238250732422
  +1,Shared,0.4745150208473205,,,,,0.0,0.0,0.0,0.914900839328766,0.6681716442108154,0.4903502166271209,0.9359082579612732,0.986173450946808,1.0016212463378906,1.0213325023651123,0.0,0.0,0.0,0.0,0.0,0.0,0.0,0.0,0.0,0.0,0.0,0.0,0.0,,,,,,,,,,,,,,,,,,,,,,,,,,,,,,,,,,,,,,,,,,,,,,,,,,,,,,,,,,,,,0.0
  +2,Shared,0.4265586733818054,0.0,0.0,0.1277199621570482,0.8722800378429517,0.0002047981672404,0.0,0.0002165521214527,0.9500938653945924,0.7515056133270264,0.5017079710960388,0.8283534646034241,0.97097247838974,0.8980504274368286,0.8949827551841736,0.0,0.000255750502902,0.0001040601174568,0.0,0.0,0.0,0.0,0.0,0.0,0.0,0.0,0.0,0.0,,,,,,,,,,,,,16.29469660214918,91.695786,,,16.195272509808657,91.695786,16.97372632909704,81.33382,,,,,,,,,,,,,,,,,,,,,1.0,,,,,,,,,,,,,,,,,,,,106.63571166992188
  +3,Other,0.3842665553092956,0.0079365079365079,0.0,0.488,0.512,0.0002197172390261,3.212713779329399e-05,0.0002304835729747,0.8961963653564453,0.6827545166015625,0.4945455193519592,0.9749611020088196,1.2685999870300293,0.8797003030776978,0.8894027471542358,0.0,0.0001597747176481,0.0004231778109913,0.0,0.0,0.0,8.847469623687625e-05,0.0001769859296185,0.0,0.0,0.0,0.0,0.0,,,,,,,,,,,12.760502285427515,20.289106,31.392263848198784,126.34537,,,27.92319820821285,113.581276,35.031939273757786,126.34537,,,,,,,12.113771756490072,14.923323,13.08386754989624,20.289106,,,,,,,,,,,0.992063492063492,0.0,0.0,0.0,0.3333333333333333,0.6666666666666666,0.0,0.0,0.0,0.0,0.0,,,,,,,,,,126.34536743164062
  +4,Shared,0.4973675608634949,0.0,0.0,0.4386298763082778,0.5613701236917221,0.0002036356421662,0.0,0.0002153228757302,0.8605504035949707,0.3762047588825226,0.5559125542640686,1.278840184211731,1.2856087684631348,0.6947528123855591,0.617061972618103,0.0,0.0001636581309242,0.0003553460307231,0.0,0.0,0.0,0.0,0.0,0.0,0.0,0.0,0.0,0.0,,,,,,,,,,,,,19.428176847670223,97.946815,,,18.074513728739856,71.603264,21.160630730899967,97.946815,,,,,,,,,,,,,,,,,,,,,1.0,,,,,,,,,,,,,,,,,,,,99.6260986328125
  +5,Shared,0.4424116313457489,0.0,0.0,0.3555555555555555,0.6444444444444445,8.718938056595209e-06,0.0,9.219342918991476e-06,0.8375094532966614,0.6570057272911072,0.484211266040802,1.0302166938781738,1.1643191576004028,1.1778457164764404,1.2162518501281738,0.0,8.044213214922515e-06,1.233305095785411e-05,0.0,0.0,0.0,0.0,0.0,0.0,0.0,0.0,0.0,0.0,,,,,,,,,,,,,14.80068375269572,24.820667,,,13.345282587511786,31.661867,17.4385983645916,24.820667,,,,,,,,,,,,,,,,,,,,,1.0,,,,,,,,,,,,,,,,,,,,118.16568756103516
  +6,Shared,0.4705872237682342,0.0045180722891566,0.0,0.3706505295007564,0.6293494704992436,0.0001286527748795,1.0709045931098e-05,0.0001354219037656,0.9432125091552734,0.6675698161125183,0.529336154460907,0.9239758253097534,0.9817264080047609,0.8163232207298279,0.7684276700019836,0.0,0.0001153928516347,0.0001888498427921,0.0,0.0,0.0,0.0,5.899530987286511e-05,0.0,0.0,4.4666785778095405e-05,0.0,0.0,,,,,,,,,,,7.517692883809407,8.670419,12.822257316058414,64.8935,,,12.836787453064552,68.42787,12.79758573648881,64.1684,,,,,,,,,7.511619567871094,8.670419,,,,,7.529839515686035,7.5298395,,,,,0.9954819277108434,0.0,0.0,0.0,0.0,0.6666666666666666,0.0,0.0,0.3333333333333333,0.0,0.0,,,,,,,,,,79.51132202148438
  +7,Shared,0.4885178804397583,0.0,0.0,0.2758620689655172,0.7241379310344828,5.618871192028024e-06,0.0,5.941354325572286e-06,0.8891435861587524,0.8672693371772766,0.5101830363273621,1.0951032638549805,1.1208425760269165,1.1005470752716064,1.078133225440979,0.0,5.825119914254235e-06,6.166525478927055e-06,0.0,0.0,0.0,0.0,0.0,0.0,0.0,0.0,0.0,0.0,,,,,,,,,,,,,21.52863655419185,89.796295,,,21.015209856487456,77.06108,22.876381635665894,89.796295,,,,,,,,,,,,,,,,,,,,,1.0,,,,,,,,,,,,,,,,,,,,125.15933990478516
  +8,Shared,0.4725073277950287,0.0,0.0,0.0224719101123595,0.9775280898876404,1.724412193415497e-05,0.0,1.8233811550894252e-05,0.8826440572738647,0.889218807220459,0.5050988793373108,0.9417499303817748,0.9965453147888184,1.1228541135787964,1.111403465270996,0.0,2.4132639644767544e-05,1.5416313697317638e-06,0.0,0.0,0.0,0.0,0.0,0.0,0.0,0.0,0.0,0.0,,,,,,,,,,,,,39.94152317690045,126.05646,,,40.70371833340875,126.05646,6.786033868789673,7.4881663,,,,,,,,,,,,,,,,,,,,,1.0,,,,,,,,,,,,,,,,,,,,126.05645751953125
  +9,Other,0.3344780802726745,0.0065378055713473,0.0,0.0315985130111524,0.9684014869888476,0.0013632544036934,0.0001642053709435,0.00143207126675,0.8019963502883911,0.5027135610580444,0.448494017124176,0.6973450183868408,1.0424375534057615,0.7840464115142822,0.874087929725647,0.0,0.0018787398656782,0.0001703502663553,0.0,0.0,2.929201206830897e-05,8.847469623687625e-05,0.0001179906197457,0.0001339225927413,0.0,0.0,0.0001872571508824,0.0014517866341966,,,,,,,,,,,10.19218283114226,20.111326,15.536171370684997,90.62696,,,15.70322680688054,90.62696,10.345720614782826,37.375603,,,,,6.715055465698242,6.7150555,9.208290259043377,10.320825,11.78617525100708,19.080973,10.908195654551188,13.272851,,,,,11.63038444519043,20.111326,9.939021233589418,19.90551,0.9934621944286528,0.0,0.0,0.0217391304347826,0.0652173913043478,0.0869565217391304,0.0652173913043478,0.0,0.0,0.0869565217391304,0.6739130434782609,0.5703309178352356,1.047743320465088,0.5443422131119563,1.9689487218856807,3.1492769718170166,0.6252065917052924,2.0027782917022705,3.197019338607788,0.6264517288076287,90.62696075439453
  +10,Shared,0.4418201148509979,0.0003681207436039,0.0,0.3132019885840545,0.6867980114159455,0.0010526664546995,7.139363954065333e-06,0.0011126722531787,0.9616891145706176,0.7299259901046753,0.5163924694061279,0.6879666447639465,0.778559684753418,0.7958596348762512,0.7697674036026001,0.0,0.0010346522514365,0.0013111574799568,0.0,0.0,0.0,0.0,5.899530987286511e-05,0.0,0.0,0.0,0.0,0.0,,,,,,,,,,,13.693077087402344,14.481515,9.960395692352234,48.564404,,,10.069253927900697,44.37254,9.72168833280155,48.564404,,,,,,,,,13.693077087402344,14.481515,,,,,,,,,,,0.999631879256396,0.0,0.0,0.0,0.0,1.0,0.0,0.0,0.0,0.0,0.0,,,,,,,,,,55.134666442871094
  +11,Shared,0.4658586084842682,0.0415073730202075,0.0,0.4757834757834758,0.5242165242165242,0.0003547639018139,0.0002712958302544,0.0003595543738406,0.8730448484420776,0.7195917963981628,0.527349591255188,0.8827099204063416,0.9474011063575744,1.0696470737457275,1.0111382007598877,0.0,0.0002551957295768,0.000643631096863,0.0,0.0,0.0,0.0010027132240179,0.0012389015073301,0.0,0.0,0.0,0.0,0.0,,,,,,,,,,,11.870849728584286,17.00262,17.049551503542823,77.77314,,,15.610192770543303,69.60955,18.635431784212948,77.77314,,,,,,,11.489128870122572,17.00262,12.179861852100917,13.757475,,,,,,,,,,,0.9584926269797924,0.0,0.0,0.0,0.4473684210526316,0.5526315789473685,0.0,0.0,0.0,0.0,0.0,,,,,,,,,,77.77313995361328
  +12,Shared,0.4374442994594574,0.0,0.0,0.3461538461538461,0.6538461538461539,5.037608654921676e-06,0.0,5.326731464306187e-06,0.9477961659431458,0.8683336973190308,0.5029689073562622,0.98811012506485,1.1294125318527222,1.0956252813339231,1.0891196727752686,0.0,4.715573263920095e-06,6.937341163792937e-06,0.0,0.0,0.0,0.0,0.0,0.0,0.0,0.0,0.0,0.0,,,,,,,,,,,,,40.67884294803326,94.9423,,,34.25018619088566,93.81788,52.82186126708984,94.9423,,,,,,,,,,,,,,,,,,,,,1.0,,,,,,,,,,,,,,,,,,,,97.71955871582031
  +13,Shared,0.4145652055740356,0.0,0.0,1.0,0.0,1.4919071785729578e-05,0.0,1.577532010582986e-05,0.4766566455364227,0.8069871664047241,0.494535893201828,0.7539112567901611,0.909279465675354,1.136379361152649,1.1489351987838743,0.0,0.0,5.9352807734672906e-05,0.0,0.0,0.0,0.0,0.0,0.0,0.0,0.0,0.0,0.0,,,,,,,,,,,,,78.0668602670942,105.53479,,,,,78.0668602670942,105.53479,,,,,,,,,,,,,,,,,,,,,1.0,,,,,,,,,,,,,,,,,,,,105.5347900390625
  +14,Shared,0.5086603164672852,0.0,0.0,0.3401360544217687,0.6598639455782312,2.848186431821101e-05,0.0,3.011652020203883e-05,0.9429576992988586,0.601377010345459,0.6045921444892883,1.0745813846588137,1.055968999862671,0.8195529580116272,0.648115336894989,0.0,2.6906506270602893e-05,3.85407842432941e-05,0.0,0.0,0.0,0.0,0.0,0.0,0.0,0.0,0.0,0.0,,,,,,,,,,,,,11.171280834950558,41.14525,,,11.500738768233466,41.14525,10.532132444381714,37.406307,,,,,,,,,,,,,,,,,,,,,1.0,,,,,,,,,,,,,,,,,,,,78.59355926513672
  +15,Shared,0.4447126388549804,,,,,0.0,0.0,0.0,0.7104471325874329,0.8962023258209229,0.4968085587024688,1.0306429862976074,1.1587741374969482,1.076740026473999,1.083656907081604,0.0,0.0,0.0,0.0,0.0,0.0,0.0,0.0,0.0,0.0,0.0,0.0,0.0,,,,,,,,,,,,,,,,,,,,,,,,,,,,,,,,,,,,,,,,,,,,,,,,,,,,,,,,,,,,,0.0
  +16,Shared,0.441675454378128,0.0,0.0,0.6716417910447762,0.3283582089552239,6.490764997687544e-05,0.0,6.863288617471433e-05,0.5690782070159912,0.820112943649292,0.5167550444602966,0.9898024797439576,1.1205087900161743,1.2040408849716189,1.1636933088302612,0.0,3.0512532884188848e-05,0.0001734335290948,0.0,0.0,0.0,0.0,0.0,0.0,0.0,0.0,0.0,0.0,,,,,,,,,,,,,21.44460316843061,79.91444,,,11.784351739016444,18.09824,26.167392756144206,79.91444,,,,,,,,,,,,,,,,,,,,,1.0,,,,,,,,,,,,,,,,,,,,109.0986099243164
  +17,Shared,0.4448586404323578,0.0,0.0,0.3559451219512195,0.6440548780487805,0.0002542054828945,0.0,0.0002687950646603,0.9390677809715272,0.600155234336853,0.5404958724975586,0.7792680263519287,0.8758602738380432,0.7470731735229492,0.6865664124488831,0.0,0.000234391729883,0.0003599709248323,0.0,0.0,0.0,0.0,0.0,0.0,0.0,0.0,0.0,0.0,,,,,,,,,,,,,9.339240654212668,27.895777,,,9.167183138491833,26.117804,9.65056528115936,27.895777,,,,,,,,,,,,,,,,,,,,,1.0,,,,,,,,,,,,,,,,,,,,64.61937713623047
  +18,Shared,0.4497574865818023,0.0,0.0,0.2,0.8,9.687708951772451e-06,0.0,1.0243714354434975e-05,0.9762691855430604,0.8031934499740601,0.5040352940559387,1.1001179218292236,1.2230123281478882,1.1952687501907349,1.185622215270996,0.0,1.10954665033414e-05,7.70815684865882e-06,0.0,0.0,0.0,0.0,0.0,0.0,0.0,0.0,0.0,0.0,,,,,,,,,,,,,56.17702493667603,113.83334,,,55.464967942237855,112.01017,59.02525291442871,113.83334,,,,,,,,,,,,,,,,,,,,,1.0,,,,,,,,,,,,,,,,,,,,116.40319061279297
