dataset:    science-of-finetuning/diffing-stats-gemma-2-2b-crosscoder-l13-mu4.1e-02-lr1e-04
commit:     4881c8339db4d0c916fd0b9390a649382ffcd371
type:       column/field add-remove
message:    Add cosim_component_sizes_base and cosim_component_sizes_chat columns
status:     archived
hub:        reachable (HTTP 200)
generated:  2026-07-31T18:09:12Z by analysis/archive_evidence.py, wrapping inspect_commit.py --download --show_rows
============================================================
# science-of-finetuning/diffing-stats-gemma-2-2b-crosscoder-l13-mu4.1e-02-lr1e-04 @ 4881c8339d
message: Add cosim_component_sizes_base and cosim_component_sizes_chat columns 

file changes:
M	feature_df.csv   [stored in Git LFS]

[feature_df.csv] column change:
  removed: []
  added:   ['cosim_component_sizes_base', 'cosim_component_sizes_chat']
  payload size 58,215,520 -> 58,651,081 bytes (+435,561): the data did change
  first 20 lines at each revision (head sample, not a diff of the whole file):
  --- feature_df.csv@f6e90b5746
  +++ feature_df.csv@4881c8339d
  @@ -1,20 +1,20 @@
  -feature,tag,dead,dec_norm_diff,base uselessness score,avg_activation,lmsys_ctrl_%,lmsys_bos_%,lmsys_user_%,lmsys_assistant_%,lmsys_dead,fw_dead,freq,lmsys_freq,lmsys_ctrl_freq,lmsys_non_ctrl_freq,fw_freq,bos_freq,lmsys_avg_act,lmsys_ctrl_avg_act,lmsys_non_ctrl_avg_act,fw_avg_act,lmsys_max_act,lmsys_ctrl_max_act,lmsys_non_ctrl_max_act,dec_cos_sim,enc_cos_sim,enc_norm_diff,dec_base_norm,dec_instruct_norm,enc_base_norm,enc_instruct_norm,lmsys_bos_freq,lmsys_assistant_freq,lmsys_user_freq,lmsys_ctrl_1_freq,lmsys_ctrl_2_freq,lmsys_ctrl_3_freq,lmsys_ctrl_4_freq,lmsys_ctrl_5_freq,lmsys_ctrl_6_freq,lmsys_ctrl_7_freq,lmsys_ctrl_8_freq,lmsys_ctrl_9_freq,lmsys_ctrl_10_freq,ctrl_1_%,ctrl_2_%,ctrl_3_%,ctrl_4_%,ctrl_5_%,ctrl_6_%,ctrl_7_%,ctrl_8_%,ctrl_9_%,ctrl_10_%,ctrl_mean,ctrl_max,non_ctrl_mean,non_ctrl_max,bos_mean,bos_max,assistant_mean,assistant_max,user_mean,user_max,ctrl_1_mean,ctrl_1_max,ctrl_2_mean,ctrl_2_max,ctrl_3_mean,ctrl_3_max,ctrl_4_mean,ctrl_4_max,ctrl_5_mean,ctrl_5_max,ctrl_6_mean,ctrl_6_max,ctrl_7_mean,ctrl_7_max,ctrl_8_mean,ctrl_8_max,ctrl_9_mean,ctrl_9_max,ctrl_10_mean,ctrl_10_max,lmsys_non_ctrl_%,lmsys_ctrl_1_%,lmsys_ctrl_2_%,lmsys_ctrl_3_%,lmsys_ctrl_4_%,lmsys_ctrl_5_%,lmsys_ctrl_6_%,lmsys_ctrl_7_%,lmsys_ctrl_8_%,lmsys_ctrl_9_%,lmsys_ctrl_10_%,bos_%,twin_latent
  -0,Other,False,0.3520131111145019,,3.492434024810791,0.0002120441051738,0.0,0.4746803069053708,0.5253196930946291,False,False,0.0013080420903861,0.0006764124264009,9.752957584387463e-06,0.0021101782911765,0.0018217428587377,0.0,3.0654804706573486,1.7032889070756296,3.1162468546581903,3.621363639831543,22.658823,,27.746824,0.9511643052101136,0.3508363366127014,0.4068321883678436,0.4440540671348572,0.6307350993156433,1.0209961,1.2548123598098757,0.0,0.0015030497199009,0.0037530895567777,0.0,0.0,0.0,0.0,0.0,0.0,9.711899361871084e-05,0.0,0.0,0.0,,,,,,,,,,,1.7032889070756296,,3.1162468546581903,27.746824,,,2.8132782938627905,24.713284,3.451536414673177,27.746824,,,,,,,,,,,,,1.7032889070756296,,,,,,,,0.9997879558948262,0.0,0.0,0.0,0.0,0.0,0.0,1.0,0.0,0.0,0.0,0.0,-1
  -1,Other,False,0.363011360168457,,15.259658813476562,0.0595719121983182,0.0,0.0446609825416159,0.955339017458384,False,False,6.274422048591077e-05,0.0001333546679234,0.0006259103955627,0.000453416514365,5.3171661420492455e-06,0.0,15.773347854614258,11.292263307510495,15.82019917301887,4.781737804412842,178.91708,,183.92126,0.7892061471939087,0.4276054799556732,0.4789255857467651,0.6995826959609985,0.9635823369026184,1.2802863,1.3366234302520752,0.0,0.0005879481306312,7.59535050125861e-05,3.385106659068983e-05,0.0,0.0001073118935466,2.849424986037817e-05,0.0007980345548962,0.000153938253656,1.7138645932713676e-05,0.0027027027027027,9.54158640801016e-05,0.0023981244519211,,,,,,,,,,,11.292263307510495,,15.82019917301887,183.92126,,,16.117226294824402,183.92126,9.24002017619741,,19.07999833424886,,,,5.402399285843498,,0.7973188303411007,,4.946578147102678,,17.05598850603457,,5.366779307524364,,16.518336388583734,,5.929149286821485,,7.516354795392436,,0.9404280878016816,0.0054995417048579,0.0,0.0174152153987167,0.0045829514207149,0.1283226397800183,0.0247479376718606,0.0027497708524289,0.4335472043996333,0.0146654445462878,0.3684692942254812,0.0,-1
  -2,Shared,False,0.4848543405532837,,15.84502124786377,0.0,0.0,0.5070967741935484,0.4929032258064516,False,False,7.541336526628584e-05,3.855634531646501e-06,0.0,2.040282172867343e-05,0.000133610839839,0.0,2.8225038051605225,,5.666716176039508,16.150651931762695,44.57205,,91.06205,0.9121764302253724,0.5260067582130432,0.5689816474914551,0.978734850883484,1.009308099746704,1.1763855,1.014087438583374,0.0,1.363585610473708e-05,3.8765879831099136e-05,0.0,0.0,0.0,0.0,0.0,0.0,0.0,0.0,0.0,0.0,,,,,,,,,,,,,5.666716176039508,91.06205,,,3.4269005320844337,,7.843839751163133,91.06205,,,,,,,,,,,,,,,,,,,,,1.0,,,,,,,,,,,0.0,-1
  -3,Shared,False,0.4563254415988922,,9.206497192382812,0.0,0.0,0.1643515626951807,0.8356484373048192,False,False,0.0003104504139628,0.0006702098762616,0.0,0.0021075193427964,1.786022403393872e-05,0.0,9.398868560791016,,9.587534175147658,3.335490703582764,64.93323,,66.176575,0.9599580764770508,0.6001219749450684,0.5491253137588501,0.7384981513023376,0.8091792464256287,1.1990173,1.081213116645813,0.0,0.0023879525283732,0.0012978185265592,0.0,0.0,0.0,0.0,0.0,0.0,0.0,0.0,0.0,0.0,,,,,,,,,,,,,9.587534175147658,66.176575,,,9.535973028863747,66.176575,9.84969765366027,61.936947,,,,,,,,,,,,,,,,,,,,,1.0,,,,,,,,,,,0.0,-1
  -4,Shared,False,0.5186578631401062,,12.409294128417969,0.0024778761061946,0.0,0.4595457771469127,0.5404542228530873,False,False,0.000161165051395,2.397198841208592e-05,4.015923711218368e-06,7.418729242761514e-05,0.0002727433457039,0.0,4.161946296691895,0.9959434803043092,6.061197936888504,12.99883270263672,49.449387,,82.27505,0.9370306730270386,0.4696574211120605,0.6009787321090698,0.9361125826835632,0.901180863380432,1.2157435,0.9702150821685792,0.0,5.436494462700151e-05,0.0001277399857029,0.0,0.0,0.0,1.7096549916226905e-05,1.710074046206201e-05,0.0,0.0,0.0,0.0,5.965483711246726e-06,,,,,,,,,,,0.9959434803043092,,6.061197936888504,82.27505,,,5.869872261446584,60.2177,6.286208783406551,82.27505,,,,,,,1.1746146405736606,,1.076463669538498,,,,,,,,,,0.2183694690465927,,0.9975221238938052,0.0,0.0,0.0,0.4285714285714285,0.4285714285714285,0.0,0.0,0.0,0.0,0.1428571428571428,0.0,-1
  -5,Shared,False,0.432591438293457,,12.098468780517578,0.0,0.0,0.1764794307761687,0.8235205692238312,False,False,7.639080286026001e-05,0.0001625233853701,0.0,0.0005253924041795,6.339697847579373e-06,0.0,12.28254222869873,,13.636728549576189,8.260625839233398,97.89819,,104.602036,0.9606099128723145,0.6676409840583801,0.4953645467758178,0.7194223403930664,0.8315263390541077,1.3262452,1.338655710220337,0.0,0.0005866630761291,0.0003474133047458,0.0,0.0,0.0,0.0,0.0,0.0,0.0,0.0,0.0,0.0,,,,,,,,,,,,,13.636728549576189,104.602036,,,14.04086404912561,104.602036,11.75087763974364,97.51842,,,,,,,,,,,,,,,,,,,,,1.0,,,,,,,,,,,0.0,-1
  -6,Other,False,0.7951918840408325,,9.806219100952148,0.0,0.0,0.702258726899384,0.297741273100616,False,False,0.0001592101616552,3.687998287205119e-06,0.0,1.282086991208253e-05,0.000285695423372,0.0,3.015282392501831,,2.6187482471290964,9.877514839172363,14.09016,,19.782303,0.848516583442688,0.0433756560087204,0.7426551580429077,1.10931658744812,0.4543940424919128,1.4049549,0.7231157422065735,0.0,5.175913966457793e-06,3.373519313546032e-05,0.0,0.0,0.0,0.0,0.0,0.0,0.0,0.0,0.0,0.0,,,,,,,,,,,,,2.6187482471290964,19.782303,,,1.5648999545434163,11.552453,3.0655552618292687,19.782303,,,,,,,,,,,,,,,,,,,,,1.0,,,,,,,,,,,0.0,-1
  -7,Other,False,0.353323221206665,,17.60011100769043,0.0,0.0,0.9726868792472556,0.0273131207527443,False,False,3.3195414289366454e-05,7.015578739810735e-05,0.0,0.0002014482475713,3.135764472972369e-06,0.0,18.34797096252441,,17.208846779380657,3.992311954498291,163.46175,,163.05731,0.7121467590332031,0.4564305543899536,0.5040856003761292,0.8247342109680176,1.1671100854873655,1.2430738,1.2329164743423462,0.0,7.460455303377095e-06,0.0007341843348164,0.0,0.0,0.0,0.0,0.0,0.0,0.0,0.0,0.0,0.0,,,,,,,,,,,,,17.208846779380657,163.05731,,,4.6590090723325055,,17.56124718636156,163.05731,,,,,,,,,,,,,,,,,,,,,1.0,,,,,,,,,,,0.0,-1
  -8,Shared,False,0.4329366981983185,,4.895783424377441,0.0,0.0,0.0831008348565992,0.9168991651434008,False,False,0.0005604874459095,0.0007991222082637,0.0,0.0024627917030911,0.0003664072719402,0.0,4.893800258636475,,4.864484336168066,4.899301528930664,47.849136,,53.334465,0.9770848751068116,0.5991731882095337,0.5366385579109192,0.4782782196998596,0.5523650646209717,1.298746,1.2035776376724243,0.0,0.0030618208308477,0.0007668344778803,0.0,0.0,0.0,0.0,0.0,0.0,0.0,0.0,0.0,0.0,,,,,,,,,,,,,4.864484336168066,53.334465,,,4.931783437226732,53.334465,4.121934750487333,,,,,,,,,,,,,,,,,,,,,,1.0,,,,,,,,,,,0.0,-1
  -9,Shared,False,0.4493005871772766,,5.2885050773620605,0.0,0.0,0.158828486187342,0.841171513812658,False,False,0.0004517282941378,0.000377600750653,0.0,0.0011559580635926,0.000512015831191,0.0,5.323971271514893,,5.311447335769499,5.267232894897461,59.668507,,59.829082,0.9745110273361206,0.5885007381439209,0.5333151817321777,0.5194534063339233,0.5780689120292664,1.1755719,1.0972431898117063,0.0,0.0013184302231111,0.0006879217453997,0.0,0.0,0.0,0.0,0.0,0.0,0.0,0.0,0.0,0.0,,,,,,,,,,,,,5.311447335769499,59.829082,,,5.40891288479621,59.829082,4.795260054033357,47.976284,,,,,,,,,,,,,,,,,,,,,1.0,,,,,,,,,,,0.0,-1
  -10,Shared,False,0.4282413125038147,,9.343161582946776,1.844473956027741e-05,0.0,0.0328322419994466,0.9671677580005532,False,False,0.0002286085073137,0.0004800265014637,5.737033873169098e-07,0.0014272761032516,2.413175388937816e-05,0.0,9.599242210388184,0.9137309789657592,9.721263959675776,5.200294494628906,98.51473,,109.85592,0.9356770515441896,0.582302987575531,0.4977080523967743,0.6088608503341675,0.710885226726532,1.2910862,1.2970316410064695,0.0,0.0018717175781463,0.0001755808297693,0.0,0.0,0.0,0.0,0.0,0.0,0.0,0.0,0.0,5.965483711246726e-06,,,,,,,,,,,0.9137309789657592,,9.721263959675776,109.85592,,,9.83168551970505,109.85592,6.468480739947882,99.90979,,,,,,,,,,,,,,,,,,,0.9137309789657592,,0.9999815552604396,0.0,0.0,0.0,0.0,0.0,0.0,0.0,0.0,0.0,1.0,0.0,-1
  -11,Other,False,0.3829048871994018,,7.447000026702881,0.0,0.0,0.588023463023463,0.4119765369765369,False,False,0.0004133073380216,0.0002270633558509,0.0,0.0007091231046239,0.0005647784564644,0.0,6.717347621917725,,6.816839106565857,7.685579299926758,47.956795,,52.47628,0.9612416625022888,0.5031730532646179,0.4746423363685608,0.5878740549087524,0.7676502466201782,1.2126551,1.277440905570984,0.0,0.0003961180502467,0.0015623734622004,0.0,0.0,0.0,0.0,0.0,0.0,0.0,0.0,0.0,0.0,,,,,,,,,,,,,6.816839106565857,52.47628,,,6.322618750539732,42.944214,7.1630960258221545,52.47628,,,,,,,,,,,,,,,,,,,,,1.0,,,,,,,,,,,0.0,-1
  -12,Shared,False,0.4671202898025512,,4.992297172546387,0.000941824241107,0.0,0.1791153009427121,0.8208846990572879,False,False,0.0007024420192465,0.000197056462639,1.4916288070239654e-05,0.0007260771913249,0.0011134691303595,0.0,3.3580076694488525,1.7460910815459032,3.811504596281816,5.227524757385254,31.29021,,38.67128,0.9650046229362488,0.5387232899665833,0.5622563362121582,0.505022406578064,0.5405699610710144,1.4157645,1.2394838333129885,0.0,0.0008081564979352,0.0004872861230677,0.0,0.0,5.0831949574706025e-05,1.7096549916226905e-05,3.420148092412402e-05,0.0,1.1425763955142451e-05,1.1427918404662591e-05,0.0,2.3861934844986904e-05,,,,,,,,,,,1.7460910815459032,,3.811504596281816,38.67128,,,3.903338862675973,38.67128,3.3906284636870203,33.57994,,,,,1.2089443140559726,,0.6533959408601125,,3.2612033983071647,,,,2.400415539741516,,0.8667719662189484,,,,1.614021509885788,,0.999058175758893,0.0,0.0,0.3461538461538461,0.1153846153846153,0.2307692307692307,0.0,0.0769230769230769,0.0769230769230769,0.0,0.1538461538461538,0.0,-1
  -13,Shared,False,0.4169653356075287,,14.980212211608888,0.0,0.0,0.0301710053371092,0.9698289946628909,False,False,5.984948802506551e-05,8.080068801064044e-05,0.0,0.0002417010403754,4.28100029239431e-05,0.0,20.17360115051269,,18.135075820230146,7.008194923400879,120.98305,,124.02926,0.9476172924041748,0.6754290461540222,0.5007146000862122,0.673212468624115,0.8072763085365295,1.4218028,1.4197707176208496,0.0,0.0003178368134988,2.732353362141084e-05,0.0,0.0,0.0,0.0,0.0,0.0,0.0,0.0,0.0,0.0,,,,,,,,,,,,,18.135075820230146,124.02926,,,18.47300192377909,124.02926,7.272642645357844,,,,,,,,,,,,,,,,,,,,,,1.0,,,,,,,,,,,0.0,-1
  -14,Shared,False,0.5006627440452576,,13.332987785339355,0.0,0.0,0.3200660859116851,0.6799339140883148,False,False,0.0002354505995754,6.043288158252835e-05,0.0,0.0001752799833154,0.000377791468054,0.0,10.153186798095703,,9.051173077334155,13.746671676635742,103.54858,,109.936745,0.9804295301437378,0.7015122175216675,0.5627017021179199,0.7973594069480896,0.7963025569915771,1.1773612,1.02971613407135,0.0,0.0001615956036286,0.0002102037911452,0.0,0.0,0.0,0.0,0.0,0.0,0.0,0.0,0.0,0.0,,,,,,,,,,,,,9.051173077334155,109.936745,,,8.69154056072825,109.936745,9.815160104252552,106.71801,,,,,,,,,,,,,,,,,,,,,1.0,,,,,,,,,,,0.0,-1
  -15,Shared,False,0.5011986494064331,,7.458922386169434,0.0002935564362248,0.0,0.1626780208486272,0.8373219791513727,False,False,0.0003843600279651,0.0001670495548751,3.4422203239014586e-06,0.0005379236856541,0.0005610973457805,0.0,5.706018924713135,0.9369820008675256,5.709490391911732,7.883359432220459,48.57156,,55.22516,0.9335232973098756,0.5300503969192505,0.5606725215911865,0.5482951402664185,0.5469807386398315,1.496613,1.3150063753128052,0.0,0.0006107221520836,0.0003278824034569,0.0,0.0,0.0,1.139769994415127e-05,1.710074046206201e-05,0.0,0.0,0.0,0.0,5.965483711246726e-06,,,,,,,,,,,0.9369820008675256,,5.709490391911732,55.22516,,,5.523921687395689,55.22516,6.664633269930283,52.954865,,,,,,,0.4771300703287124,,1.332645873228709,,,,,,,,,,0.6696943044662476,,0.9997064435637752,0.0,0.0,0.0,0.3333333333333333,0.5,0.0,0.0,0.0,0.0,0.1666666666666666,0.0,-1
  -16,Shared,False,0.4182034730911255,,22.070775985717773,0.0001005277707966,0.0,0.1190871160709797,0.8809128839290202,False,False,7.180434477049857e-05,0.0001558179355924,1.1474067746338195e-06,0.000523707525998,3.476608526398195e-06,0.0,22.52318572998047,0.719680443406105,23.316882595111323,5.580045700073242,127.692245,,132.4188,0.8537482023239136,0.4231829643249511,0.537224531173706,0.7733436226844788,0.9246020913124084,1.4465561,1.338861346244812,0.0,0.0006255359748152,0.0002336803290582,0.0,0.0,0.0,0.0,0.0,0.0,0.0,1.1427918404662591e-05,0.0,0.0,,,,,,,,,,,0.719680443406105,,23.316882595111323,132.4188,,,24.604407437811005,132.4188,13.792785813618783,,,,,,,,,,,,,,,,0.719680443406105,,,,,,0.9998994722292032,0.0,0.0,0.0,0.0,0.0,0.0,0.0,1.0,0.0,0.0,0.0,-1
  -17,Other,False,0.3945938944816589,,9.224555015563965,0.0001008471157724,0.0,0.2527483610690872,0.7472516389309127,False,False,0.0002615783596411,9.010450594360007e-05,5.737033873169098e-07,0.000261024487019,0.0004010370175819,0.0,7.174187183380127,0.7532820105552673,6.808605385096709,9.599218368530272,70.306244,,75.69951,0.9197826385498048,0.3943016529083252,0.5040574073791504,0.6138995289802551,0.777887761592865,1.2422024,1.2321221828460691,0.0,0.0002644713557067,0.0002471941344955,0.0,0.0,0.0,0.0,0.0,0.0,0.0,0.0,0.0,5.965483711246726e-06,,,,,,,,,,,0.7532820105552673,,6.808605385096709,75.69951,,,6.146638375066901,70.34589,8.765713708907446,75.69951,,,,,,,,,,,,,,,,,,,0.7532820105552673,,0.9998991528842276,0.0,0.0,0.0,0.0,0.0,0.0,0.0,0.0,0.0,1.0,0.0,-1
  -18,Shared,False,0.5179641246795654,,10.745763778686523,0.0,0.0,0.4298208640674394,0.5701791359325606,False,False,0.0001286463229916,7.091015140758827e-05,0.0,0.0002498358428453,0.0001756028214003,0.0,9.576592445373535,,9.076395938289416,11.129737854003906,60.093834,,70.94521,0.9525680541992188,0.4846661388874054,0.5885511636734009,0.9008551836013794,0.8684890270233154,1.1280575,0.9282759428024292,0.0,0.0001931508308448,0.0004023562947355,0.0,0.0,0.0,0.0,0.0,0.0,0.0,0.0,0.0,0.0,,,,,,,,,,,,,9.076395938289416,70.94521,,,9.843888119253364,70.22956,8.058278702865131,70.94521,,,,,,,,,,,,,,,,,,,,,1.0,,,,,,,,,,,0.0,-1
  +feature,tag,dead,dec_norm_diff,base uselessness score,avg_activation,lmsys_ctrl_%,lmsys_bos_%,lmsys_user_%,lmsys_assistant_%,lmsys_dead,fw_dead,freq,lmsys_freq,lmsys_ctrl_freq,lmsys_non_ctrl_freq,fw_freq,bos_freq,lmsys_avg_act,lmsys_ctrl_avg_act,lmsys_non_ctrl_avg_act,fw_avg_act,lmsys_max_act,lmsys_ctrl_max_act,lmsys_non_ctrl_max_act,dec_cos_sim,enc_cos_sim,enc_norm_diff,dec_base_norm,dec_instruct_norm,enc_base_norm,enc_instruct_norm,lmsys_bos_freq,lmsys_assistant_freq,lmsys_user_freq,lmsys_ctrl_1_freq,lmsys_ctrl_2_freq,lmsys_ctrl_3_freq,lmsys_ctrl_4_freq,lmsys_ctrl_5_freq,lmsys_ctrl_6_freq,lmsys_ctrl_7_freq,lmsys_ctrl_8_freq,lmsys_ctrl_9_freq,lmsys_ctrl_10_freq,ctrl_1_%,ctrl_2_%,ctrl_3_%,ctrl_4_%,ctrl_5_%,ctrl_6_%,ctrl_7_%,ctrl_8_%,ctrl_9_%,ctrl_10_%,ctrl_mean,ctrl_max,non_ctrl_mean,non_ctrl_max,bos_mean,bos_max,assistant_mean,assistant_max,user_mean,user_max,ctrl_1_mean,ctrl_1_max,ctrl_2_mean,ctrl_2_max,ctrl_3_mean,ctrl_3_max,ctrl_4_mean,ctrl_4_max,ctrl_5_mean,ctrl_5_max,ctrl_6_mean,ctrl_6_max,ctrl_7_mean,ctrl_7_max,ctrl_8_mean,ctrl_8_max,ctrl_9_mean,ctrl_9_max,ctrl_10_mean,ctrl_10_max,lmsys_non_ctrl_%,lmsys_ctrl_1_%,lmsys_ctrl_2_%,lmsys_ctrl_3_%,lmsys_ctrl_4_%,lmsys_ctrl_5_%,lmsys_ctrl_6_%,lmsys_ctrl_7_%,lmsys_ctrl_8_%,lmsys_ctrl_9_%,lmsys_ctrl_10_%,bos_%,twin_latent,cosim_component_sizes_base,cosim_component_sizes_chat
  +0,Other,False,0.3520131111145019,,3.492434024810791,0.0002120441051738,0.0,0.4746803069053708,0.5253196930946291,False,False,0.0013080420903861,0.0006764124264009,9.752957584387463e-06,0.0021101782911765,0.0018217428587377,0.0,3.0654804706573486,1.7032889070756296,3.1162468546581903,3.621363639831543,22.658823,,27.746824,0.9511643052101136,0.3508363366127014,0.4068321883678436,0.4440540671348572,0.6307350993156433,1.0209961,1.2548123598098757,0.0,0.0015030497199009,0.0037530895567777,0.0,0.0,0.0,0.0,0.0,0.0,9.711899361871084e-05,0.0,0.0,0.0,,,,,,,,,,,1.7032889070756296,,3.1162468546581903,27.746824,,,2.8132782938627905,24.713284,3.451536414673177,27.746824,,,,,,,,,,,,,1.7032889070756296,,,,,,,,0.9997879558948262,0.0,0.0,0.0,0.0,0.0,0.0,1.0,0.0,0.0,0.0,0.0,-1,-1,-1
  +1,Other,False,0.363011360168457,,15.259658813476562,0.0595719121983182,0.0,0.0446609825416159,0.955339017458384,False,False,6.274422048591077e-05,0.0001333546679234,0.0006259103955627,0.000453416514365,5.3171661420492455e-06,0.0,15.773347854614258,11.292263307510495,15.82019917301887,4.781737804412842,178.91708,,183.92126,0.7892061471939087,0.4276054799556732,0.4789255857467651,0.6995826959609985,0.9635823369026184,1.2802863,1.3366234302520752,0.0,0.0005879481306312,7.59535050125861e-05,3.385106659068983e-05,0.0,0.0001073118935466,2.849424986037817e-05,0.0007980345548962,0.000153938253656,1.7138645932713676e-05,0.0027027027027027,9.54158640801016e-05,0.0023981244519211,,,,,,,,,,,11.292263307510495,,15.82019917301887,183.92126,,,16.117226294824402,183.92126,9.24002017619741,,19.07999833424886,,,,5.402399285843498,,0.7973188303411007,,4.946578147102678,,17.05598850603457,,5.366779307524364,,16.518336388583734,,5.929149286821485,,7.516354795392436,,0.9404280878016816,0.0054995417048579,0.0,0.0174152153987167,0.0045829514207149,0.1283226397800183,0.0247479376718606,0.0027497708524289,0.4335472043996333,0.0146654445462878,0.3684692942254812,0.0,-1,-1,-1
  +2,Shared,False,0.4848543405532837,,15.84502124786377,0.0,0.0,0.5070967741935484,0.4929032258064516,False,False,7.541336526628584e-05,3.855634531646501e-06,0.0,2.040282172867343e-05,0.000133610839839,0.0,2.8225038051605225,,5.666716176039508,16.150651931762695,44.57205,,91.06205,0.9121764302253724,0.5260067582130432,0.5689816474914551,0.978734850883484,1.009308099746704,1.1763855,1.014087438583374,0.0,1.363585610473708e-05,3.8765879831099136e-05,0.0,0.0,0.0,0.0,0.0,0.0,0.0,0.0,0.0,0.0,,,,,,,,,,,,,5.666716176039508,91.06205,,,3.4269005320844337,,7.843839751163133,91.06205,,,,,,,,,,,,,,,,,,,,,1.0,,,,,,,,,,,0.0,-1,-1,-1
  +3,Shared,False,0.4563254415988922,,9.206497192382812,0.0,0.0,0.1643515626951807,0.8356484373048192,False,False,0.0003104504139628,0.0006702098762616,0.0,0.0021075193427964,1.786022403393872e-05,0.0,9.398868560791016,,9.587534175147658,3.335490703582764,64.93323,,66.176575,0.9599580764770508,0.6001219749450684,0.5491253137588501,0.7384981513023376,0.8091792464256287,1.1990173,1.081213116645813,0.0,0.0023879525283732,0.0012978185265592,0.0,0.0,0.0,0.0,0.0,0.0,0.0,0.0,0.0,0.0,,,,,,,,,,,,,9.587534175147658,66.176575,,,9.535973028863747,66.176575,9.84969765366027,61.936947,,,,,,,,,,,,,,,,,,,,,1.0,,,,,,,,,,,0.0,-1,-1,-1
  +4,Shared,False,0.5186578631401062,,12.409294128417969,0.0024778761061946,0.0,0.4595457771469127,0.5404542228530873,False,False,0.000161165051395,2.397198841208592e-05,4.015923711218368e-06,7.418729242761514e-05,0.0002727433457039,0.0,4.161946296691895,0.9959434803043092,6.061197936888504,12.99883270263672,49.449387,,82.27505,0.9370306730270386,0.4696574211120605,0.6009787321090698,0.9361125826835632,0.901180863380432,1.2157435,0.9702150821685792,0.0,5.436494462700151e-05,0.0001277399857029,0.0,0.0,0.0,1.7096549916226905e-05,1.710074046206201e-05,0.0,0.0,0.0,0.0,5.965483711246726e-06,,,,,,,,,,,0.9959434803043092,,6.061197936888504,82.27505,,,5.869872261446584,60.2177,6.286208783406551,82.27505,,,,,,,1.1746146405736606,,1.076463669538498,,,,,,,,,,0.2183694690465927,,0.9975221238938052,0.0,0.0,0.0,0.4285714285714285,0.4285714285714285,0.0,0.0,0.0,0.0,0.1428571428571428,0.0,-1,-1,-1
  +5,Shared,False,0.432591438293457,,12.098468780517578,0.0,0.0,0.1764794307761687,0.8235205692238312,False,False,7.639080286026001e-05,0.0001625233853701,0.0,0.0005253924041795,6.339697847579373e-06,0.0,12.28254222869873,,13.636728549576189,8.260625839233398,97.89819,,104.602036,0.9606099128723145,0.6676409840583801,0.4953645467758178,0.7194223403930664,0.8315263390541077,1.3262452,1.338655710220337,0.0,0.0005866630761291,0.0003474133047458,0.0,0.0,0.0,0.0,0.0,0.0,0.0,0.0,0.0,0.0,,,,,,,,,,,,,13.636728549576189,104.602036,,,14.04086404912561,104.602036,11.75087763974364,97.51842,,,,,,,,,,,,,,,,,,,,,1.0,,,,,,,,,,,0.0,-1,-1,-1
  +6,Other,False,0.7951918840408325,,9.806219100952148,0.0,0.0,0.702258726899384,0.297741273100616,False,False,0.0001592101616552,3.687998287205119e-06,0.0,1.282086991208253e-05,0.000285695423372,0.0,3.015282392501831,,2.6187482471290964,9.877514839172363,14.09016,,19.782303,0.848516583442688,0.0433756560087204,0.7426551580429077,1.10931658744812,0.4543940424919128,1.4049549,0.7231157422065735,0.0,5.175913966457793e-06,3.373519313546032e-05,0.0,0.0,0.0,0.0,0.0,0.0,0.0,0.0,0.0,0.0,,,,,,,,,,,,,2.6187482471290964,19.782303,,,1.5648999545434163,11.552453,3.0655552618292687,19.782303,,,,,,,,,,,,,,,,,,,,,1.0,,,,,,,,,,,0.0,-1,-1,-1
  +7,Other,False,0.353323221206665,,17.60011100769043,0.0,0.0,0.9726868792472556,0.0273131207527443,False,False,3.3195414289366454e-05,7.015578739810735e-05,0.0,0.0002014482475713,3.135764472972369e-06,0.0,18.34797096252441,,17.208846779380657,3.992311954498291,163.46175,,163.05731,0.7121467590332031,0.4564305543899536,0.5040856003761292,0.8247342109680176,1.1671100854873655,1.2430738,1.2329164743423462,0.0,7.460455303377095e-06,0.0007341843348164,0.0,0.0,0.0,0.0,0.0,0.0,0.0,0.0,0.0,0.0,,,,,,,,,,,,,17.208846779380657,163.05731,,,4.6590090723325055,,17.56124718636156,163.05731,,,,,,,,,,,,,,,,,,,,,1.0,,,,,,,,,,,0.0,-1,-1,-1
  +8,Shared,False,0.4329366981983185,,4.895783424377441,0.0,0.0,0.0831008348565992,0.9168991651434008,False,False,0.0005604874459095,0.0007991222082637,0.0,0.0024627917030911,0.0003664072719402,0.0,4.893800258636475,,4.864484336168066,4.899301528930664,47.849136,,53.334465,0.9770848751068116,0.5991731882095337,0.5366385579109192,0.4782782196998596,0.5523650646209717,1.298746,1.2035776376724243,0.0,0.0030618208308477,0.0007668344778803,0.0,0.0,0.0,0.0,0.0,0.0,0.0,0.0,0.0,0.0,,,,,,,,,,,,,4.864484336168066,53.334465,,,4.931783437226732,53.334465,4.121934750487333,,,,,,,,,,,,,,,,,,,,,,1.0,,,,,,,,,,,0.0,-1,-1,-1
  +9,Shared,False,0.4493005871772766,,5.2885050773620605,0.0,0.0,0.158828486187342,0.841171513812658,False,False,0.0004517282941378,0.000377600750653,0.0,0.0011559580635926,0.000512015831191,0.0,5.323971271514893,,5.311447335769499,5.267232894897461,59.668507,,59.829082,0.9745110273361206,0.5885007381439209,0.5333151817321777,0.5194534063339233,0.5780689120292664,1.1755719,1.0972431898117063,0.0,0.0013184302231111,0.0006879217453997,0.0,0.0,0.0,0.0,0.0,0.0,0.0,0.0,0.0,0.0,,,,,,,,,,,,,5.311447335769499,59.829082,,,5.40891288479621,59.829082,4.795260054033357,47.976284,,,,,,,,,,,,,,,,,,,,,1.0,,,,,,,,,,,0.0,-1,-1,-1
  +10,Shared,False,0.4282413125038147,,9.343161582946776,1.844473956027741e-05,0.0,0.0328322419994466,0.9671677580005532,False,False,0.0002286085073137,0.0004800265014637,5.737033873169098e-07,0.0014272761032516,2.413175388937816e-05,0.0,9.599242210388184,0.9137309789657592,9.721263959675776,5.200294494628906,98.51473,,109.85592,0.9356770515441896,0.582302987575531,0.4977080523967743,0.6088608503341675,0.710885226726532,1.2910862,1.2970316410064695,0.0,0.0018717175781463,0.0001755808297693,0.0,0.0,0.0,0.0,0.0,0.0,0.0,0.0,0.0,5.965483711246726e-06,,,,,,,,,,,0.9137309789657592,,9.721263959675776,109.85592,,,9.83168551970505,109.85592,6.468480739947882,99.90979,,,,,,,,,,,,,,,,,,,0.9137309789657592,,0.9999815552604396,0.0,0.0,0.0,0.0,0.0,0.0,0.0,0.0,0.0,1.0,0.0,-1,-1,-1
  +11,Other,False,0.3829048871994018,,7.447000026702881,0.0,0.0,0.588023463023463,0.4119765369765369,False,False,0.0004133073380216,0.0002270633558509,0.0,0.0007091231046239,0.0005647784564644,0.0,6.717347621917725,,6.816839106565857,7.685579299926758,47.956795,,52.47628,0.9612416625022888,0.5031730532646179,0.4746423363685608,0.5878740549087524,0.7676502466201782,1.2126551,1.277440905570984,0.0,0.0003961180502467,0.0015623734622004,0.0,0.0,0.0,0.0,0.0,0.0,0.0,0.0,0.0,0.0,,,,,,,,,,,,,6.816839106565857,52.47628,,,6.322618750539732,42.944214,7.1630960258221545,52.47628,,,,,,,,,,,,,,,,,,,,,1.0,,,,,,,,,,,0.0,-1,-1,-1
  +12,Shared,False,0.4671202898025512,,4.992297172546387,0.000941824241107,0.0,0.1791153009427121,0.8208846990572879,False,False,0.0007024420192465,0.000197056462639,1.4916288070239654e-05,0.0007260771913249,0.0011134691303595,0.0,3.3580076694488525,1.7460910815459032,3.811504596281816,5.227524757385254,31.29021,,38.67128,0.9650046229362488,0.5387232899665833,0.5622563362121582,0.505022406578064,0.5405699610710144,1.4157645,1.2394838333129885,0.0,0.0008081564979352,0.0004872861230677,0.0,0.0,5.0831949574706025e-05,1.7096549916226905e-05,3.420148092412402e-05,0.0,1.1425763955142451e-05,1.1427918404662591e-05,0.0,2.3861934844986904e-05,,,,,,,,,,,1.7460910815459032,,3.811504596281816,38.67128,,,3.903338862675973,38.67128,3.3906284636870203,33.57994,,,,,1.2089443140559726,,0.6533959408601125,,3.2612033983071647,,,,2.400415539741516,,0.8667719662189484,,,,1.614021509885788,,0.999058175758893,0.0,0.0,0.3461538461538461,0.1153846153846153,0.2307692307692307,0.0,0.0769230769230769,0.0769230769230769,0.0,0.1538461538461538,0.0,-1,-1,-1
  +13,Shared,False,0.4169653356075287,,14.980212211608888,0.0,0.0,0.0301710053371092,0.9698289946628909,False,False,5.984948802506551e-05,8.080068801064044e-05,0.0,0.0002417010403754,4.28100029239431e-05,0.0,20.17360115051269,,18.135075820230146,7.008194923400879,120.98305,,124.02926,0.9476172924041748,0.6754290461540222,0.5007146000862122,0.673212468624115,0.8072763085365295,1.4218028,1.4197707176208496,0.0,0.0003178368134988,2.732353362141084e-05,0.0,0.0,0.0,0.0,0.0,0.0,0.0,0.0,0.0,0.0,,,,,,,,,,,,,18.135075820230146,124.02926,,,18.47300192377909,124.02926,7.272642645357844,,,,,,,,,,,,,,,,,,,,,,1.0,,,,,,,,,,,0.0,-1,-1,-1
  +14,Shared,False,0.5006627440452576,,13.332987785339355,0.0,0.0,0.3200660859116851,0.6799339140883148,False,False,0.0002354505995754,6.043288158252835e-05,0.0,0.0001752799833154,0.000377791468054,0.0,10.153186798095703,,9.051173077334155,13.746671676635742,103.54858,,109.936745,0.9804295301437378,0.7015122175216675,0.5627017021179199,0.7973594069480896,0.7963025569915771,1.1773612,1.02971613407135,0.0,0.0001615956036286,0.0002102037911452,0.0,0.0,0.0,0.0,0.0,0.0,0.0,0.0,0.0,0.0,,,,,,,,,,,,,9.051173077334155,109.936745,,,8.69154056072825,109.936745,9.815160104252552,106.71801,,,,,,,,,,,,,,,,,,,,,1.0,,,,,,,,,,,0.0,-1,-1,-1
  +15,Shared,False,0.5011986494064331,,7.458922386169434,0.0002935564362248,0.0,0.1626780208486272,0.8373219791513727,False,False,0.0003843600279651,0.0001670495548751,3.4422203239014586e-06,0.0005379236856541,0.0005610973457805,0.0,5.706018924713135,0.9369820008675256,5.709490391911732,7.883359432220459,48.57156,,55.22516,0.9335232973098756,0.5300503969192505,0.5606725215911865,0.5482951402664185,0.5469807386398315,1.496613,1.3150063753128052,0.0,0.0006107221520836,0.0003278824034569,0.0,0.0,0.0,1.139769994415127e-05,1.710074046206201e-05,0.0,0.0,0.0,0.0,5.965483711246726e-06,,,,,,,,,,,0.9369820008675256,,5.709490391911732,55.22516,,,5.523921687395689,55.22516,6.664633269930283,52.954865,,,,,,,0.4771300703287124,,1.332645873228709,,,,,,,,,,0.6696943044662476,,0.9997064435637752,0.0,0.0,0.0,0.3333333333333333,0.5,0.0,0.0,0.0,0.0,0.1666666666666666,0.0,-1,-1,-1
  +16,Shared,False,0.4182034730911255,,22.070775985717773,0.0001005277707966,0.0,0.1190871160709797,0.8809128839290202,False,False,7.180434477049857e-05,0.0001558179355924,1.1474067746338195e-06,0.000523707525998,3.476608526398195e-06,0.0,22.52318572998047,0.719680443406105,23.316882595111323,5.580045700073242,127.692245,,132.4188,0.8537482023239136,0.4231829643249511,0.537224531173706,0.7733436226844788,0.9246020913124084,1.4465561,1.338861346244812,0.0,0.0006255359748152,0.0002336803290582,0.0,0.0,0.0,0.0,0.0,0.0,0.0,1.1427918404662591e-05,0.0,0.0,,,,,,,,,,,0.719680443406105,,23.316882595111323,132.4188,,,24.604407437811005,132.4188,13.792785813618783,,,,,,,,,,,,,,,,0.719680443406105,,,,,,0.9998994722292032,0.0,0.0,0.0,0.0,0.0,0.0,0.0,1.0,0.0,0.0,0.0,-1,-1,-1
  +17,Other,False,0.3945938944816589,,9.224555015563965,0.0001008471157724,0.0,0.2527483610690872,0.7472516389309127,False,False,0.0002615783596411,9.010450594360007e-05,5.737033873169098e-07,0.000261024487019,0.0004010370175819,0.0,7.174187183380127,0.7532820105552673,6.808605385096709,9.599218368530272,70.306244,,75.69951,0.9197826385498048,0.3943016529083252,0.5040574073791504,0.6138995289802551,0.777887761592865,1.2422024,1.2321221828460691,0.0,0.0002644713557067,0.0002471941344955,0.0,0.0,0.0,0.0,0.0,0.0,0.0,0.0,0.0,5.965483711246726e-06,,,,,,,,,,,0.7532820105552673,,6.808605385096709,75.69951,,,6.146638375066901,70.34589,8.765713708907446,75.69951,,,,,,,,,,,,,,,,,,,0.7532820105552673,,0.9998991528842276,0.0,0.0,0.0,0.0,0.0,0.0,0.0,0.0,0.0,1.0,0.0,-1,-1,-1
  +18,Shared,False,0.5179641246795654,,10.745763778686523,0.0,0.0,0.4298208640674394,0.5701791359325606,False,False,0.0001286463229916,7.091015140758827e-05,0.0,0.0002498358428453,0.0001756028214003,0.0,9.576592445373535,,9.076395938289416,11.129737854003906,60.093834,,70.94521,0.9525680541992188,0.4846661388874054,0.5885511636734009,0.9008551836013794,0.8684890270233154,1.1280575,0.9282759428024292,0.0,0.0001931508308448,0.0004023562947355,0.0,0.0,0.0,0.0,0.0,0.0,0.0,0.0,0.0,0.0,,,,,,,,,,,,,9.076395938289416,70.94521,,,9.843888119253364,70.22956,8.058278702865131,70.94521,,,,,,,,,,,,,,,,,,,,,1.0,,,,,,,,,,,0.0,-1,-1,-1
