dataset:    science-of-finetuning/diffing-stats-SAE-difference_cb-gemma-2-2b-L13-k100-x1-lr1e-04-local-shuffling
commit:     e24792ee76dd4c0148700737086c010c7240109a
type:       column/field add-remove
message:    Added betas columns to df
status:     archived
hub:        reachable (HTTP 200)
generated:  2026-08-01T03:47:53Z by analysis/archive_evidence.py, wrapping inspect_commit.py --download --show_rows
============================================================
# science-of-finetuning/diffing-stats-SAE-difference_cb-gemma-2-2b-L13-k100-x1-lr1e-04-local-shuffling @ e24792ee76
message: Added betas columns to df 

file changes:
M	feature_df.csv

[feature_df.csv] delimiter ',' at both revisions
  no column-set change (values may still differ)
  diff --git a/feature_df.csv b/feature_df.csv
  index 9c6a274..a6ff5b9 100644
  --- a/feature_df.csv
  +++ b/feature_df.csv
  @@ -1,2305 +1,2305 @@
   latent,lmsys_ctrl_%,lmsys_bos_%,lmsys_user_%,lmsys_assistant_%,lmsys_freq,lmsys_ctrl_freq,lmsys_non_ctrl_freq,lmsys_bos_freq,lmsys_assistant_freq,lmsys_user_freq,lmsys_ctrl_1_freq,lmsys_ctrl_2_freq,lmsys_ctrl_3_freq,lmsys_ctrl_4_freq,lmsys_ctrl_5_freq,lmsys_ctrl_6_freq,lmsys_ctrl_7_freq,lmsys_ctrl_8_freq,lmsys_ctrl_9_freq,lmsys_ctrl_10_freq,ctrl_1_%,ctrl_2_%,ctrl_3_%,ctrl_4_%,ctrl_5_%,ctrl_6_%,ctrl_7_%,ctrl_8_%,ctrl_9_%,ctrl_10_%,ctrl_mean,ctrl_max,non_ctrl_mean,non_ctrl_max,bos_mean,bos_max,assistant_mean,assistant_max,user_mean,user_max,ctrl_1_mean,ctrl_1_max,ctrl_2_mean,ctrl_2_max,ctrl_3_mean,ctrl_3_max,ctrl_4_mean,ctrl_4_max,ctrl_5_mean,ctrl_5_max,ctrl_6_mean,ctrl_6_max,ctrl_7_mean,ctrl_7_max,ctrl_8_mean,ctrl_8_max,ctrl_9_mean,ctrl_9_max,ctrl_10_mean,ctrl_10_max,lmsys_non_ctrl_%,lmsys_ctrl_1_%,lmsys_ctrl_2_%,lmsys_ctrl_3_%,lmsys_ctrl_4_%,lmsys_ctrl_5_%,lmsys_ctrl_6_%,lmsys_ctrl_7_%,lmsys_ctrl_8_%,lmsys_ctrl_9_%,lmsys_ctrl_10_%,dec_norm,enc_norm,beta_activation_base,beta_activation_chat,beta_activation_ratio,max_act_val,freq_val
  -0,0.43700507614213197,0.0,0.4593693190764518,0.5406306809235482,0.04198653059698181,0.3380453135430165,0.024994867899108427,0.0,0.020953233718235067,0.04947403391743176,0.6045919114417079,0.014088219787944467,0.023462901666715486,0.39164798867523887,0.16099820064304887,0.9590643274853801,0.13086574094744832,0.11800964802572807,0.8295959926969712,0.43347538987495904,,,,,,,,,,,8.19959193821383,31.204254,3.644257590191896,19.573551,,,4.703998939357662,25.186327,3.8692073793827495,19.573551,6.6204066957333705,21.942902,3.4354682989774763,8.77825,3.505783379301149,8.073125,8.172132932708926,29.89891,4.438701047352176,15.961664,12.753761799203216,31.204254,3.673815883251228,9.252414,3.7465296797820935,10.932188,8.976288474606415,25.186327,5.279278306144006,17.947872,0.562994923857868,0.21800652594008385,0.005079251100856398,0.008458378652361693,0.14023379338746977,0.0576352443003622,0.2268661759891868,0.030950696417068817,0.027898921847115597,0.1871297479382042,0.09774126442729068,0.9999998,1.025921,-0.2177187204360962,1.386641502380371,-0.1570115419611705,31.204254150390625,0.0300418473780155
  -1,0.06225102290900783,0.0,0.3060761254149373,0.6939238745850627,0.04664341229009883,0.053495254107811537,0.046250165435986826,0.0,0.04401155481881658,0.05394476488965388,0.03646001112835681,0.010192724503544023,0.012331937080758077,0.05730211159608352,0.05796289195008997,0.0562474889513861,0.06652676697772023,0.05185813828836877,0.13576143438977575,0.10551210602725612,,,,,,,,,,,4.643988173745849,34.841244,4.104279915064711,29.35776,,,4.157569113142252,29.35776,4.029071829068397,25.15351,4.669360924724594,22.198698,4.872387616113684,19.54239,3.738163764006735,11.009281,5.456449402157817,34.841244,4.227234089101544,26.819529,5.05724157700463,28.358765,4.420948786863544,16.640427,3.8159446237828587,33.8358,5.204889543549767,29.067732,4.047877917435769,28.430534,0.9377489770909921,0.083077539036434,0.02322167356199119,0.028092886694247966,0.1296543440544508,0.13112238088882958,0.08407847324169225,0.09942613105565194,0.07747230748698786,0.1935139463499266,0.1503403176297878,0.9999998,0.9718442,1.012964129447937,2.3344666957855225,0.4339167190847782,45.82556915283203,0.0413138940930366
  -2,0.008734256623075809,0.0,0.10935370839011097,0.8906462916098891,0.016060671408606446,0.00258444975137165,0.01683411042150426,0.0,0.020305813247765096,0.006928091375574547,5.85702990013764e-05,8.786831468572433e-05,0.0005272562172295615,0.005721363689984664,0.009999705023450635,0.0004017677782241864,0.002857525561459124,0.001876005002680007,0.001123542905294696,0.0013581229803774646,,,,,,,,,,,3.6865019544712077,10.248531,5.530735120857678,21.448708,,,5.815520682593368,21.448708,3.2050197267192773,10.625531,2.9219374656677246,3.1558213,2.875771443049113,3.2052987,2.9611646201875477,5.845543,3.4075108139785293,6.242304,4.173593783448934,10.248531,3.1026656097835965,3.725933,3.094958297908306,5.41778,3.023837492579505,4.590068,3.193747570117315,4.642431,3.2999115236874283,4.8745527,0.9912657433769242,0.0027624309392265192,0.004143646408839779,0.024861878453038673,0.26795580110497236,0.468232044198895,0.012430939226519336,0.08839779005524862,0.058011049723756904,0.03314917127071823,0.04005524861878453,0.9999999,1.073268,0.4760319590568542,1.860999703407288,0.2557936780888742,22.086593627929688,0.0112834917381405
  -3,0.0381990901792882,0.0,0.6521625846795206,0.3478374153204794,0.01158494987288757,0.00815315363554261,0.011781910501896932,0.0,0.005554667918235288,0.028940274888289538,0.0022256713620523033,0.000527209888114346,0.0009666363982541961,0.014509850182847705,0.016695672694020825,0.013972590509352262,0.010313881323391526,0.009067357512953367,0.0029024858386779645,0.013581229803774646,,,,,,,,,,,3.364364502830808,8.59248,4.71195870210458,38.41227,,,3.2452164532807863,15.139204,5.491628469336853,38.41227,3.046090533858852,4.539615,2.9570310910542807,4.918452,2.9527283292828184,3.9847598,3.5059388905036726,8.063403,3.478638365074941,8.424233,3.1883918462089085,7.2605324,3.2331020078617776,6.208471,3.475140431831623,10.33663,3.118214799511817,4.8525715,3.3262474610887725,6.7371697,0.9618009098207118,0.03327495621716287,0.00788091068301226,0.014448336252189142,0.21541155866900175,0.2478108581436077,0.13704028021015763,0.101138353765324,0.08887915936952714,0.02714535901926445,0.12697022767075306,0.99999976,1.210381,-0.292875200510025,0.8310628533363342,-0.3524104095547841,38.41226959228516,0.0109174298122525
  -4,0.0009239704329461457,0.0,0.8406658739595719,0.15933412604042807,0.001467881660372562,2.4987773839228665e-05,0.0015506934789743666,0.0,0.0003345283150757432,0.004904700202801607,0.0,5.8578876457149553e-05,2.929201206830897e-05,0.0,0.00011799061974573021,0.0,0.0,0.0,0.0,0.0,,,,,,,,,,,3.1711974484579906,4.434643,17.1759274244655,46.309685,,,3.0100311189148545,7.053347,19.860835635135633,46.309685,,,2.8441532850265503,2.993073,3.0638082027435303,3.0638082,,,3.3615668416023254,4.434643,,,,,,,,,,,0.9990760295670539,0.0,0.2857142857142857,0.14285714285714285,0.0,0.5714285714285714,0.0,0.0,0.0,0.0,0.0,0.99999994,1.3947473,-0.2655804753303528,0.4333158731460571,-0.6129027155228028,46.30968475341797,0.0009970171377062
  -5,0.14733383379071857,0.0,0.3384316255910098,0.6615683744089902,0.07872135417120778,0.21368473282715242,0.07097541877328653,0.0,0.06427409574721864,0.09136863720557731,0.024013822590564324,0.018540214398687832,0.024370954040833066,0.27318037041406157,0.25960886109554293,0.4010981652604794,0.39643702281555565,0.45904055744148653,0.17854969336641544,0.35390811595560345,,,,,,,,,,,5.664412783755148,42.37298,4.040158906633711,37.304604,,,4.0537709206277,37.304604,4.021478927153064,36.305958,3.842022692284934,10.35444,3.49032100644345,9.030931,3.3650842102674314,8.21375,6.311469316019243,42.333233,6.02173258572624,40.467735,5.22717350576079,23.495422,5.296531068189875,25.242422,6.657435048260993,42.37298,4.286579785199459,17.420918,5.385191798856904,32.20274,0.8526661662092815,0.013698401296336513,0.010574497586074406,0.013898865705551194,0.15474181854629893,0.14702393879153372,0.15009772639949215,0.14832695745142915,0.17168106112493944,0.06371427139539934,0.12624246170294515,0.9999999,0.9885258,-0.059250958263874,1.024825096130371,-0.0578156784875773,42.37297821044922,0.0734312534332275
  -6,0.0016156828953037485,0.0,0.13559530963497127,0.8644046903650288,0.02518339317431153,0.0007496332151768599,0.02658571673835218,0.0,0.03112222876854746,0.013566356053639522,0.000146425747503441,2.9289438228574777e-05,0.0,0.00141559513979002,0.0023303147399781716,0.0006249720994598455,0.000937625574853775,0.00017866714311238162,0.0014980572070595946,0.0002809909614574065,,,,,,,,,,,3.181827142125083,6.057756,4.126896496596859,15.302061,,,4.167016633024541,15.29467,3.8694269927658818,12.969353,2.7551679611206055,3.3852787,2.6468310356140137,2.646831,,,3.322104478875796,6.057756,3.217562817320039,5.384694,2.897752506392343,3.8533363,3.14624361764817,4.325535,3.058119833469391,3.694866,3.1873902305960655,4.2625723,2.87398894627889,3.2556388,0.9983843171046962,0.023809523809523808,0.004761904761904762,0.0,0.22857142857142856,0.3761904761904762,0.06666666666666667,0.1,0.01904761904761905,0.1523809523809524,0.02857142857142857,0.9999999,1.0525501,2.711850643157959,4.617559432983398,0.5872909017233453,15.302061080932615,0.0266130547970533
  -7,0.12219155291715507,0.08825455924432034,0.46925594065342907,0.530744059346571,0.02562108386475261,0.05767892138489382,0.023781192622394972,1.0,0.01718632284035066,0.04222528321695301,0.005681319003133511,0.007996016636400914,0.006737162775711064,0.0733750147457827,0.11976047904191617,0.07004151600374983,0.10715720855471715,0.10456494550652135,0.03094424418332475,0.09094740785838056,,,,,,,,,,,3.743904504021708,11.436308,3.767304625227279,33.545204,8.420754122510514,8.420848,3.8239085018882926,33.545204,3.6981134191226093,23.465364,3.276556497996615,6.6621494,3.120193723357204,6.0552363,3.089950624756192,5.3442173,3.66324383384545,9.181243,4.0968289601391765,12.555767,3.471839895211943,9.055131,3.8690843108296358,10.475822,3.722683009506548,10.152319,3.3388155476949564,8.63796,3.549795110488404,8.927599,0.8778084470828449,0.012006436440153484,0.0168956554028964,0.014234434954821141,0.15397945290258697,0.251268721376408,0.09710360193093205,0.14853323431117713,0.14488179230102735,0.04090852828320337,0.12018814209679415,0.9999999,1.0708873,0.8290197849273682,1.6683191061019895,0.4969191936333836,33.545204162597656,0.0228762049227952
  -8,0.07039913450021251,0.0,0.4282186201240359,0.5717813798759641,0.045130967168548114,0.05853564505938166,0.04436163425760319,0.0,0.03442257527996636,0.07163806812006533,0.006296307142647963,0.0025188916876574307,0.0006151322534344885,0.07947976878612717,0.16188313029114185,0.07330029909379046,0.05782024378264946,0.07602286939431839,0.023547586723468003,0.12883435582822086,,,,,,,,,,,3.9926706516302226,20.238005,3.600825259633229,28.922092,,,3.501901184082369,25.429398,3.731386970969871,28.922092,3.1377570329710496,6.6838565,3.1826846045117048,4.895984,3.181024823869978,5.0148134,4.124022108902511,17.788511,4.531866190515178,20.238005,3.5258550668604918,9.338918,3.4563612081829644,7.7259274,3.5617636963287342,11.655043,3.318642851372599,7.9311953,3.807604870680069,18.215574,0.9296008654997875,0.013111355043297962,0.005244542017319186,0.0012806439809732895,0.16434931089157215,0.3346749603610196,0.10013416270276863,0.07897304549335285,0.10379314550554945,0.030674472496645934,0.1677643615075009,0.9999999,0.97324497,0.3302700817584991,1.4045214653015137,0.2351477637884294,28.92209243774414,0.0495410561561584
  -9,0.2507634029409249,0.06049692552733941,0.5501853313087242,0.44981466869127584,0.0385146494628456,0.1779379375091473,0.03051274707326837,1.0,0.018817079029679263,0.06395766063606169,0.024453099833074646,0.016226348778630426,0.3961158791997422,0.1389937477881326,0.40225952036813073,0.11977143877505468,0.08313613430370138,0.23758263355368947,0.08787041805158935,0.22685336954994614,,,,,,,,,,,5.366661439695854,34.012333,3.6467209995470813,24.156084,9.764450621157861,9.764787,3.4644720135062483,16.036144,3.7912271409672944,24.156084,3.3543639405758783,7.6658673,3.2203512437076767,5.9377832,4.207487127303646,4.265577,3.9638536338110177,11.799713,8.761622004786258,34.012333,3.5507754227406885,8.3242445,3.577272885211943,8.339637,4.699703695138025,16.515776,3.4480146128380595,9.193637,4.171761864773217,19.627157,0.7492365970590751,0.01675125885208739,0.011114008867133427,0.27129014785242844,0.09454932092202138,0.2735771460669649,0.053824703592994565,0.037354304170762534,0.106706521957189,0.0376552249884647,0.09717736272995366,0.9999999,1.0155596,-0.0915881395339965,0.8520126938819885,-0.1074962147766807,34.012332916259766,0.0408195070922374
  -10,0.24526694800418133,0.0,0.42905573327555663,0.5709442667244433,0.020017906761226455,0.09045574129800776,0.01597527741002843,0.0,0.012426367710417201,0.025949510031009915,0.0047149090696108,0.0003514732587428973,0.0006737162775711064,0.04951633832723841,0.07840476682103772,0.041649926342573994,0.5633790239764254,0.2526353403609076,0.022798558119938205,0.052123823350348895,,,,,,,,,,,7.435214329189269,36.531013,3.8362737589889258,44.206554,,,3.96066307922023,44.206554,3.6742891206759762,42.79215,3.341814266228528,6.4296703,3.095580061276754,4.235813,3.1225931126138433,5.0095115,4.017509741183902,25.052618,3.9000239302288593,19.509804,3.810866138687214,13.751516,10.25681469141537,36.531013,5.622708413818434,25.040775,4.080996385100442,6.5074477,3.48981134653734,11.2828245,0.7547330519958186,0.006353591160220995,0.00047355958958168905,0.0009076558800315707,0.06625887924230466,0.10489344909234412,0.03681925808997632,0.497947908445146,0.22320441988950276,0.019218626677190213,0.04392265193370166,0.9999999,1.0482738,-0.4495397210121155,0.6369823217391968,-0.7057334335193262,44.2065544128418,0.013926425948739
  -11,0.1242845853588448,0.057763036169588666,0.46123470220288276,0.5387652977971172,0.04045490381170659,0.09263324730399769,0.03746023902273326,1.0,0.027475703702224307,0.06536362844525706,0.003807069435089466,0.37765801651924313,0.012302645068689768,0.09605402854783532,0.09884664169198548,0.05410472746752377,0.02366388355583337,0.06735751295336788,0.047048359159215396,0.0769446916124198,,,,,,,,,,,3.930062685159819,13.162456,3.4359403569025018,19.882626,10.129986100718357,10.129993,3.2875987303804335,12.1737385,3.6083403809087105,19.882626,3.0594054130407473,5.121347,4.172025293292077,4.1849394,3.234020720209394,5.4054093,3.9719297863934204,13.162456,3.945918378172544,11.005298,3.4136321422683915,9.354243,3.309410049330514,7.3367963,3.471762272027824,7.685955,3.3619527403988054,8.103104,3.5119804318765278,8.894344,0.8757154146411552,0.005009633911368015,0.496878612716763,0.016184971098265895,0.12551059730250483,0.1291329479768786,0.046705202312138726,0.02042389210019268,0.05811175337186898,0.03872832369942197,0.0633140655105973,0.99999994,1.0145885,0.3894025981426239,1.3166149854660034,0.2957604177692072,19.882625579833984,0.041575975716114
  -12,0.014982359479967136,0.0,0.13057384606597638,0.8694261539340236,0.04810761262106972,0.013279216954561518,0.05010651414185741,0.0,0.05911442643650231,0.02467072680981742,0.002899229800568132,0.005389256634057759,2.929201206830897e-05,0.007579332310959066,0.02044187487094776,0.00834784161421365,0.0262981649328035,0.015410041093442916,0.025560601095454334,0.03835526623893598,,,,,,,,,,,3.3841095196944404,10.961728,4.211210158248595,26.697697,,,4.28472343692214,26.697697,3.7048118457133894,14.567246,3.056747792947172,5.01335,2.992923912794693,4.8740206,2.657963991165161,2.657964,3.361966609954834,7.8324776,3.6250772995694205,10.961728,3.4046847208298465,5.752189,3.4868426586047496,8.199513,3.3265304904053177,7.0516176,3.219960073411683,6.416873,3.3706127502688266,6.981093,0.9850176405200328,0.02661290322580645,0.04946236559139785,0.00026881720430107527,0.06908602150537635,0.18629032258064515,0.050268817204301076,0.15833333333333333,0.09274193548387097,0.14677419354838708,0.22016129032258064,0.99999994,1.0028292,1.6334507465362549,2.872483730316162,0.5686544815891674,26.697696685791016,0.0366669334471225
  -13,0.05440677272913173,0.0,0.38871905144347435,0.6112809485565256,0.047374834315957653,0.04748747934046556,0.047368369294916945,0.0,0.039269352435288465,0.06939268203005101,0.004422057574603918,0.00392478472262902,0.007557339113623715,0.06340686563642799,0.13406684168608596,0.04883710548636221,0.024601509130687146,0.09174557798820797,0.018117129347876973,0.09268018545403456,,,,,,,,,,,4.296322172372525,53.557453,3.956577724634534,45.66523,,,3.9640847768398166,45.66523,3.9430348105696735,45.276985,3.319867903033629,6.3122916,3.1200107122535137,5.5151267,3.103654379992522,7.1166143,4.130746540912362,21.049595,5.178905969563097,53.557453,3.5548440673451536,10.223035,3.329315764934313,11.711107,4.0399437704012024,19.050821,3.5523530087729753,12.988039,3.849600470264853,18.215714,0.9455932272708683,0.011350823122603925,0.01007291588363527,0.019394121626700744,0.1616176802225062,0.34165225888897244,0.08223708937833571,0.041419228745395775,0.15440126287303615,0.029091182440051117,0.1487634368187627,0.9999999,0.9661907,0.5738976001739502,1.6070326566696167,0.3571163272831583,53.55745315551758,0.0509479753673076
  -14,0.09921401805283872,0.0,0.52432829227731,0.47567170772268996,0.03288473428261256,0.060109874811253065,0.03132220538155582,0.0,0.020311083594354185,0.06221484637257993,0.005154186312121123,0.0051256516900005855,0.008465391487741293,0.0983248790845818,0.13819651337718653,0.08414802910584349,0.0377729160155378,0.08178488475969269,0.04920181639436356,0.1202172996768604,,,,,,,,,,,3.954818995323581,24.195892,3.542495774062536,27.955574,,,3.3044328408479435,13.279346,3.758414764513472,27.955574,3.528580616820942,8.795613,3.1405921459197996,4.5799913,3.1889337231131165,6.3042994,4.021756311698662,16.774775,4.092028360407542,12.5361395,4.707171726859217,24.195892,3.654907041689464,13.867675,3.7807888196896275,11.212322,3.538487512877053,9.217057,3.629383803342724,10.214685,0.9007859819471613,0.010451927074054278,0.01039254112476988,0.0171625393431914,0.1979927549141873,0.2782231723974108,0.11194251440109271,0.05024051309460182,0.10873567313973515,0.06241463269790368,0.15244373181305304,0.99999994,1.0101615,-0.4697402417659759,0.6350798010826111,-0.7396554589914791,27.95557403564453,0.0254271868616342
  -15,0.2649187853107345,0.0,0.42212820748643426,0.5778717925135657,0.028533015421476373,0.1392640029699754,0.02217784645163881,0.0,0.01742875878344867,0.03537889830397425,0.008990540896711278,0.02372444496514557,0.06989074079498521,0.05488380323227557,0.14713430282292558,0.07651444131958395,0.4992632941911863,0.5887529033410756,0.022424043818173308,0.0985809956446401,,,,,,,,,,,8.57470121410678,53.52058,3.77915920443333,26.715555,,,3.9614154416693066,26.715555,3.524079105652381,19.406322,3.3089058538989846,6.169312,4.436898466687144,10.885396,4.655215707328872,17.241764,3.6938190763833254,11.803083,5.285444023662691,23.361094,3.667147586198227,10.239507,12.38649766587161,34.063927,9.953419168949964,53.52058,3.244414996005797,8.944542,3.813947330347999,12.287741,0.7350812146892656,0.007869171814523363,0.020762309999231024,0.06115910081254966,0.0477020480352703,0.12785481762489426,0.04393407325763207,0.2866224079153103,0.33786173839489403,0.012277958629174891,0.053956373516520134,0.9999998,1.0322474,-1.2184443473815918,0.0579760111868381,-21.01635353034094,53.52058029174805,0.0224126633256673
  -16,0.126442937046293,0.0,0.7952734638757596,0.20472653612424038,0.003256232732869757,0.007585574201194416,0.0030077594087491973,0.0,0.0008410363609532781,0.009078667136350357,0.0003807069435089466,0.0,0.0,0.024713931815500766,0.0005604554437922185,0.02790054015445739,0.022279769612001607,0.0,0.006039043115958991,9.366365381913548e-05,,,,,,,,,,,11.073992808285883,37.53323,9.923980965535392,39.69164,,,3.385668907756858,14.467157,11.553191217810973,39.69164,2.9965415734511156,3.6808326,,,,,16.24778328476772,37.53323,3.154337205384907,4.256569,8.34795224723816,17.993353,7.91199202193525,14.636491,,,4.998990206755409,9.150862,3.6404837369918823,4.56588,0.873557062953707,0.00611764705882353,0.0,0.0,0.3943529411764706,0.008941176470588235,0.29411764705882354,0.2348235294117647,0.0,0.06070588235294118,0.0009411764705882353,0.9999999,1.3603402,0.1061134338378906,1.0070247650146484,0.1053732117862534,39.6916389465332,0.0020856950432062
  -17,0.185392377595625,0.0,0.494976069215193,0.505023930784807,0.03089429760138139,0.10552336892306265,0.026611121149951178,0.0,0.018263970024487694,0.049743048591449956,0.0012592614285295927,0.38126061742135786,0.00011716804827323589,0.07729739294561755,0.19076133447390933,0.050578099192000354,0.05804348796713846,0.10139360371627658,0.02275174383221759,0.10396665573924038,,,,,,,,,,,6.311185452713945,47.984325,3.4720150245292394,21.34991,,,3.4329614568418947,21.34991,3.509648654627637,17.52313,3.0692924067031506,4.75294,8.250023979080908,8.343686,2.9034624695777893,3.3182774,3.810667870746045,14.289528,6.648960094502043,47.984325,3.3185019049093136,7.948474,3.415583561933957,7.637149,3.5731874728517923,9.347447,3.1782022547819975,6.747785,3.6884455136350702,12.691712,0.814607622404375,0.0014546192618652954,0.44034369608605933,0.00013531341970839957,0.08866411826392882,0.21876797131355502,0.03832752613240418,0.04397686140522986,0.07679036568451676,0.016440580494570547,0.07509894793816177,0.9999999,1.026187,-0.227603942155838,0.8503362536430359,-0.2676634580505422,47.98432540893555,0.0262034423649311
  -18,0.5906538234905059,0.0,0.5434252650747496,0.4565747349252504,0.016112016266050837,0.17533206966591347,0.006973920732499331,0.0,0.004311975669861051,0.014261631801388548,0.37487919875830966,0.6258860055064144,0.3794194323208061,0.0002359325232983367,0.02610542461874281,0.00031248604972992277,0.0004911372058757869,0.03457209219224584,0.0003277000140442863,0.014143211726689458,,,,,,,,,,,28.57174311747348,62.18141,3.859327843879841,56.167793,,,3.7164272111571863,52.378006,3.9791215618498685,56.167793,27.739881555397698,27.75379,28.429251245524327,59.497055,33.336798507789865,33.710106,3.281261622905731,4.004556,3.4782352043410474,7.9427967,2.9920224121638705,3.2835474,3.0660579854791816,3.1082518,6.16835637394464,11.854639,3.149761302130563,3.7401352,3.2726714145268816,5.56981,0.40934617650949406,0.26062259502819796,0.4350632164016532,0.2637172465745058,0.0001628763971740945,0.018018201437384206,0.0001425168475273327,0.00022395504611437994,0.015758291426593643,0.0001425168475273327,0.006148583993322068,0.9999998,1.1406738,0.1447448879480362,2.21200966835022,0.0654359201133108,63.11526870727539,0.0113041512668132
  -19,0.4511866741812261,0.0,0.5574948665297741,0.44250513347022585,0.0030940604850170864,0.02571955864452036,0.0017955182520453625,0.0,0.0010759828641615323,0.003766976251939565,0.0001171405980027528,0.19723507703122253,0.0017282287120302293,0.002418308363807951,0.0024778030146603344,0.0013838667916610866,0.00830468366299058,0.0,9.362857544122466e-05,0.001077132018920058,,,,,,,,,,,11.665869766568912,32.66334,9.386730438658553,55.75202,,,3.983438803996586,10.777246,13.67317767525734,55.75202,2.8183892369270325,3.179933,12.061349024608369,32.66334,3.1483286760621145,5.7588267,11.789919181567866,13.694036,7.924840197676704,9.843772,2.9690442931267524,3.8455358,4.412351226293913,9.357765,,,3.636427640914917,4.265828,3.563994853392891,7.1985455,0.5488133258187738,0.0005551700208188758,0.9346287300485774,0.008188757807078418,0.011380985426786953,0.011658570437196392,0.004302567661346287,0.025815405968077725,0.0,0.0002775850104094379,0.0031922276197085355,1.0,1.3669219,-0.0760471150279045,0.341677576303482,-0.2225698152352806,55.75202178955078,0.0035053219180554
  -20,0.09180617295627226,0.0,0.320886754205885,0.679113245794115,0.049165510438603274,0.08315931133695299,0.04721450870531333,0.0,0.04376995103570632,0.05747124664791529,0.013734735115822766,0.004686310116571964,0.00626849058261812,0.1072903149699186,0.1277543435296894,0.13209231730726306,0.15622628030539804,0.1322136859031624,0.08880670380600159,0.14841005947642016,,,,,,,,,,,5.880846099672173,40.304028,4.3172341167117745,45.496143,,,4.3723236028342205,45.496143,4.220837869316591,41.04318,4.093534926615798,18.34914,3.712954892218113,13.325741,3.35832423473073,10.636181,6.077249841417431,40.097443,5.6769302851937455,39.026783,7.000606840468203,32.06211,5.982050568010167,30.299107,5.228501967320577,35.285847,5.11089914763797,28.191282,6.391295871060519,40.304028,0.9081938270437278,0.02013221153846154,0.006868131868131868,0.009186126373626374,0.15616414835164835,0.1859117445054945,0.12701751373626374,0.1501974587912088,0.12706043956043955,0.08143028846153846,0.13603193681318682,0.9999998,1.0037915,0.8087413907051086,1.9052363634109497,0.4244834951907053,45.49614334106445,0.049829714000225
  -21,0.048508453571744714,0.0,0.17057967499393645,0.8294203250060636,0.050343342092959764,0.044992271638519724,0.05065045537407791,0.0,0.05691475020221488,0.032526880269970485,0.001171405980027528,0.0014644719114287389,0.0007323003017077243,0.06376076442137549,0.17902126780920916,0.018570599526806838,0.011206858061347502,0.039351438270502054,0.007162586021253687,0.11974898140776472,,,,,,,,,,,5.536881861895545,37.983498,3.9126305452273162,31.697268,,,3.990318629870668,31.697268,3.5322057987718343,29.644722,2.9328943252563477,4.0571084,3.1316427612304687,5.0600486,3.0224446296691894,5.95857,4.279891322653785,25.744808,6.872259427381908,37.983498,3.5206929691709004,13.57499,3.200267982672885,5.5318317,3.680867477659469,16.17346,3.17428500512067,7.6554613,4.880777107443157,23.307629,0.9514915464282553,0.0031735956839098697,0.003966994604887337,0.0019834973024436685,0.17153284671532848,0.481513805141225,0.03300539511266265,0.019914312916534435,0.06989844493811488,0.012139003490955253,0.20287210409393844,0.99999994,0.95845705,0.2158216834068298,1.5669069290161133,0.1377373980612542,37.983497619628906,0.0407873056828975
  -22,0.08079268292682927,0.0,0.5719939117199391,0.42800608828006087,0.02135326056313877,0.03178444832349886,0.020754584779233615,0.0,0.012090175075365956,0.044899242827752754,0.005359182358625941,0.00011715775291429911,0.004979642051612525,0.054588887578152646,0.07813928792660983,0.02428463015043971,0.02366388355583337,0.053510809362158296,0.024858386779645147,0.05825879267550227,,,,,,,,,,,3.681145637129617,13.297155,4.0609126291427176,29.850254,,,3.3021870304564205,13.768524,4.621421738353141,29.850254,3.097518272087222,5.1451473,3.14581698179245,4.3280697,3.2418114704244276,6.3759093,3.720783106898183,11.287013,3.80865790529852,11.36429,3.4014488682150836,7.663353,3.552642453391596,6.9416,4.117511686180188,13.297155,3.268598425859786,5.9743333,3.43117839270466,8.041061,0.9192073170731707,0.02055256064690027,0.0004492362982929021,0.019092542677448338,0.20788409703504043,0.2975067385444744,0.061096136567834684,0.05952380952380952,0.13454627133872418,0.05963611859838275,0.13971248876909254,0.9999999,1.110477,-0.2891628742218017,0.8632031083106995,-0.3349882217033457,29.85025405883789,0.0168609283864498
  -23,0.108150704334166,0.0,0.3805959431745722,0.6194040568254279,0.03761834263062761,0.07495618215373193,0.03547541692941794,0.0,0.02990893950640708,0.051068851569419274,0.005329897209125253,0.005506414386972058,0.004100881689563256,0.10690692461955881,0.14731128875254418,0.04879246462211508,0.10416573648256464,0.20582454886546364,0.043069144702963344,0.13651477544138996,,,,,,,,,,,5.052602802461554,38.96415,4.215497965750913,51.500122,,,4.387173800773859,51.500122,3.932206798351543,28.15592,3.6753400485594194,10.63558,3.1809972550006633,5.4682636,3.376666423252651,6.0512514,5.512033059876544,30.651752,5.327179884261311,33.532295,4.109274412444833,18.989597,4.35411658258434,17.896202,5.829636481952751,38.96415,3.9349387503188598,22.703703,4.33520593855843,19.280834,0.891849295665834,0.008667492142108772,0.008953233641299171,0.006667301647775978,0.17263548909419946,0.23783217449280883,0.05205257643585103,0.11110581960186684,0.21944947137822648,0.04381369654252786,0.13882274502333555,0.99999994,1.0063791,0.1807802468538284,1.3838046789169312,0.1306400026016103,51.5001220703125,0.0313614718616008
  -24,0.018619865383405675,0.0,0.2868747295746562,0.7131252704253438,0.052361873130151074,0.017962639708428377,0.05433614379880362,0.0,0.052575313252758056,0.0587723835239689,0.0035142179400825843,0.0,0.0,0.03975463017576973,0.0466652901094363,0.009820990134369002,0.0015180604545251596,0.011836698231195283,0.026590515425307805,0.041914485084063126,,,,,,,,,,,3.452278906523897,14.339375,4.326075521535191,33.135178,,,4.4689664267363165,33.135178,3.962737177148965,24.393719,3.1707532842954,5.0577383,,,,,3.473040022199161,14.339375,3.6607239706024997,13.35045,3.1291427807374435,5.770205,3.175936460494995,4.815467,3.456202869595221,10.8847275,3.234169967997243,10.63653,3.3174952384479894,7.0508513,0.9813801346165943,0.02384737678855326,0.0,0.0,0.26788553259141495,0.3143879173290938,0.04372019077901431,0.006756756756756757,0.05266295707472178,0.11287758346581876,0.1778616852146264,0.9999999,0.99003,1.28125262260437,2.7423882484436035,0.4672032208902308,33.13517761230469,0.0421152710914611
  -25,0.099950914222604,0.0,0.5489174072209142,0.45108259277908574,0.015789028049598745,0.029075059702931064,0.015026504586520665,0.0,0.00919425831799385,0.031090850649065346,0.001024980232524087,0.00711733348954367,0.00046867219309294355,0.038545475993865756,0.07061738591781953,0.018972367305031025,0.043443318301558245,0.05708415222440593,0.006366743130003277,0.06266098440500163,,,,,,,,,,,3.9072038625046317,15.183365,3.9514307705640577,29.467236,,,3.6541628294587225,29.467236,4.19311720142432,29.049768,3.1631808825901575,4.178167,3.0616856082476707,4.4877234,3.0056467801332474,3.8085604,3.817700536358691,15.183365,3.9862564936616316,12.531468,3.251148975596708,6.7318435,3.925575116677983,7.3553767,4.762632083445085,11.269389,3.180688218158834,6.012908,3.48879762900428,9.106971,0.900049085777396,0.004297114794352364,0.02983425414364641,0.0019643953345610805,0.16046654389195825,0.29392265193370165,0.0521792510742787,0.1194597912829957,0.1569060773480663,0.016697360343769185,0.16427255985267036,0.9999999,1.1674086,-0.2503479123115539,0.8261675238609314,-0.3030231824431953,29.467235565185547,0.0164018496870994
  -26,0.15677101588297146,0.0,0.43296874118009754,0.5670312588199025,0.05251610145666329,0.15168292656807206,0.04682463293698354,0.0,0.03622364688012125,0.07686111520071655,0.02102673734149413,0.016900005857887646,0.08576701133600867,0.15881207974519287,0.1895519306215156,0.17918842908798716,0.29950439791043443,0.40226907271752727,0.08192500351107158,0.23322249800964737,,,,,,,,,,,4.658507297590705,24.327866,3.6393705694008234,15.502335,,,3.529916052179699,13.892199,3.7842355499553175,15.502335,3.4231838210379513,7.6808996,3.3925174881721913,5.9832945,4.235403010428273,13.336666,4.502310302906168,14.318412,4.8202706758307325,24.327866,4.07049764135196,12.880518,5.251647708667623,19.65218,5.26317945157796,17.165283,3.7259481246130806,11.438503,4.101419565332931,13.423567,0.8432289841170285,0.01689729831497694,0.013579026640308764,0.06890708839310929,0.12672973736232704,0.15122846653487715,0.09446484044055352,0.1578650098842135,0.21194577802880543,0.041184222912548245,0.11719853148828015,0.9999998,0.9859864,-0.2782055139541626,0.7766870856285095,-0.3581951072728775,24.327865600585938,0.0476307272911071
  -27,0.14756999401222726,0.046545285289871674,0.45162018492371564,0.5483798150762843,0.05080253949727378,0.13812170473732496,0.04579104215862105,1.0,0.03436709794744965,0.07865017840529026,0.01089407561425601,0.008874699783258158,0.024019449896013356,0.23386811371947622,0.18323943246511903,0.30882549886165794,0.17743447783185248,0.224718599249598,0.11343101914704368,0.22057790474406408,,,,,,,,,,,4.365528238317847,20.036526,3.5572556262250825,16.044434,8.013806485235671,8.013812,3.4499581092156157,12.475944,3.6904908455352263,16.044434,3.330804715874375,6.4479475,3.4611722093210755,8.483061,3.343685231557707,7.119665,4.8378282850056324,19.524853,4.399159295207395,12.429111,4.784316288146314,20.036526,3.967360094377127,11.9332075,4.200811078974462,15.714169,3.6814497801276493,10.638951,4.092481827533414,11.645846,0.8524300059877727,0.009614142092885018,0.007830873801462798,0.02119246375313364,0.2049466311735973,0.16054583516398316,0.17879202956607138,0.10270591579872328,0.13002351846587237,0.06262114594371075,0.12172744424056031,0.9999999,0.99199885,0.338028073310852,1.1861399412155151,0.2849816126792363,20.03652572631836,0.0517251044511795
  -28,0.009227086711450854,0.0,0.4209752129716671,0.5790247870283329,0.04014896596300961,0.006825231940086458,0.04206151063645836,0.0,0.03297544906126806,0.06662159964295818,8.785544850206461e-05,0.0036026009021146973,0.015524766396203754,0.00044237348118438127,0.009793221438895609,0.0008481764206955047,0.00450953252667768,0.02849740932642487,0.00023407143860306164,0.0068374467287968905,,,,,,,,,,,3.3023960551706835,8.81428,4.073668694366556,37.541206,,,3.76180215582799,31.900345,4.502537636253196,37.541206,2.9053266048431396,3.1583908,2.9776269110237688,5.1245613,3.614182801966399,8.440144,2.972990115483602,4.395257,3.168064896600792,5.7206097,2.7575365242205168,3.2758927,3.1032214448003486,5.138888,3.28561323675616,8.81428,2.6257511615753173,2.7101994,3.096844687853773,6.080964,0.9907729132885491,0.0015690376569037657,0.06433054393305439,0.27719665271966526,0.007845188284518828,0.17364016736401675,0.00993723849372385,0.05282426778242678,0.33368200836820083,0.002615062761506276,0.07635983263598327,0.99999994,0.9994542,-0.9083805084228516,0.0901291817426681,-10.078650342309878,37.54120635986328,0.0457815080881118
  -29,0.24493542286955822,0.0,0.4924943098843558,0.5075056901156442,0.03852453092597641,0.17384708196346788,0.030757981594913546,0.0,0.021400381018319724,0.05770942869453885,0.011948340996280785,0.37988401382461484,0.385570754855151,0.10855845228264717,0.12745936698032506,0.13236016249274585,0.17194267089342322,0.13743969983919957,0.08833856092879547,0.1113660843909521,,,,,,,,,,,5.073016242612195,22.393108,3.6232051918462047,29.575325,,,3.4210580829452337,24.242233,3.8276384216142865,30.946083,3.234894113213408,6.1165547,7.916269651999727,7.984168,3.8989359135415103,3.9257798,4.171266116774686,22.393108,4.269860450108546,20.074434,4.0558818857344106,13.164301,4.583533314846301,17.042143,4.118840527991641,22.39756,3.4694466304071483,13.2204075,3.8029958592231194,16.661266,0.7550645771304417,0.008377651382928482,0.26631896675632943,0.27028192439580295,0.07558366357980328,0.08872507751380874,0.06088170674113468,0.07907435165602349,0.06318145417958564,0.03874663764604423,0.048828566148539046,0.9999998,1.0208627,-0.3020278513431549,0.524642825126648,-0.5756828014759295,30.946083068847656,0.0301645472645759
  -30,0.145265030669132,0.056261015950877104,0.4887277185292873,0.5112722814707127,0.04160115353488031,0.11133838086364886,0.03759873404080522,1.0,0.026143970335160756,0.06944663912799164,0.00764342401967962,0.3913947630484447,0.005916986437798412,0.0991211513507137,0.14256216630777854,0.06455068970135262,0.08036790641603786,0.09911559764159371,0.038621787369505174,0.1348756614995551,,,,,,,,,,,5.975191103521554,13.118402,3.465200196336424,23.974802,3.506005063354971,3.5060797,3.346646593184452,13.678786,3.592653494218897,23.974802,3.211839649412367,6.587366,8.962494937101198,9.225206,3.1528156488248618,5.121782,3.810555592210333,9.486884,4.0630917802203514,13.118402,3.3861031385543106,6.921339,3.498611560397678,8.679125,3.5655795965929635,10.230612,3.839878041238496,7.4722543,3.6136477047370525,9.015381,0.854734969330868,0.00836806668804104,0.4284386021160628,0.00647643475472908,0.1077588970823982,0.154953510740622,0.046361013145238855,0.05771080474511061,0.0711445976274447,0.026450785508175697,0.09233728759217698,0.9999999,1.0181437,-0.5056777596473694,0.3823961317539215,-1.322392455509413,23.974802017211918,0.0505380742251873
  -31,0.04265746687047651,0.0,0.2861671694580256,0.7138328305419744,0.07744722668987067,0.06086664739038399,0.07839883369165847,0.0,0.07613792330591644,0.08481824551558705,0.020148182856473483,0.02920156991388905,0.020387240399543045,0.0693051787188864,0.07471755995398366,0.0719610731663765,0.09639683886234764,0.09076290870108987,0.08670006085857404,0.09984545497119843,,,,,,,,,,,4.48043589920293,30.1165,4.996233109957858,49.308754,,,4.8338856812703135,38.614937,5.415343081453762,37.594036,4.605305054853129,21.371689,3.521944705079288,7.626116,3.588245623755729,8.493659,5.284174102925235,30.1165,3.908812301035602,15.1186285,5.137553244163619,22.731949,4.269739398806114,13.826402,4.104470444828505,14.077972,5.836403015494091,28.1937,3.869807032773909,16.895247,0.9573425331295234,0.04034953961644478,0.05847164389185385,0.04081872030965926,0.1378218286317518,0.1485543369890329,0.09453990968271656,0.12662013958125623,0.11917189607647645,0.10861533047915078,0.12503665474165737,0.9999998,1.0280055,0.6920580863952637,1.7491940259933472,0.3956439800909175,49.30875396728516,0.0481900051236152
  -32,0.04141587980836318,0.0,0.37951061658928864,0.6204893834107114,0.1666208438033248,0.12713779329399544,0.16888688931584692,0.0,0.14254345816842695,0.24227122383177102,0.06934723401762966,0.008698963153886708,0.10556841149418554,0.029933938893476467,0.03837644907229875,0.27427346993437796,0.3755860159842836,0.22811327496873324,0.17981367913487195,0.16517585351004543,,,,,,,,,,,5.0220963008909285,23.567482,4.647350761716829,33.95418,,,4.187958234401963,33.554657,5.400686267897632,33.95418,4.067880754635948,9.992898,4.362110467069479,9.771466,4.786873730914578,16.206543,5.804980665827032,19.409897,4.946242234598753,19.0181,4.753677479728748,16.200317,5.4842191254078,17.521341,5.098662521593108,23.567482,4.8307624601256345,15.1621,5.224272793333698,20.16403,0.9585841201916369,0.0664869721473495,0.008338948787061994,0.10119047619047619,0.028498427672955975,0.0365285265049416,0.1725067385444744,0.23618598382749326,0.14339061096136568,0.1078447888589398,0.0990285265049416,0.9999998,1.0207907,-1.598281741142273,-0.4452396333217621,3.589711295955632,36.72605514526367,0.2609222829341888
  -33,0.003463212862741692,0.0,0.7449999183215625,0.25500008167843746,0.0356937823702685,0.002277457101346841,0.03761164112089181,0.0,0.012990017408786943,0.10546068955629537,0.000585702990013764,0.0,0.004745305955066053,0.002064409578860446,0.003421727972626176,0.0004910495067184501,0.0,0.0022333392889047703,0.0029493001263985767,0.0068374467287968905,,,,,,,,,,,3.166795589333417,5.852196,4.2499498189383935,20.040646,,,3.1948537158680974,9.592567,4.610553523421542,20.833889,2.976036250591278,3.8356872,,,3.067705403139561,4.7454534,3.2714129720415386,5.2915554,3.221607101374659,5.7084346,2.9684705517508765,4.2248497,,,3.276583275794983,5.852196,3.0843391759055003,4.259743,3.222092780348373,5.3721447,0.9965367871372584,0.03134796238244514,0.0,0.25391849529780564,0.109717868338558,0.18181818181818182,0.017241379310344827,0.0,0.07836990595611286,0.0987460815047022,0.22884012539184953,0.9999998,0.9628514,-1.2044953107833862,0.6195723414421082,-1.944075340709721,20.83388900756836,0.0991238206624984
  -34,0.08469014566358121,0.0,0.2664052546939287,0.7335947453060713,0.040210386037763855,0.06274073042832615,0.03891730495250809,0.0,0.03897310347964925,0.039329328688911896,0.012621899434796614,0.01704645304903052,0.013591493599695362,0.1039282765129173,0.11017374118757559,0.06276505513146735,0.04045184622940572,0.0953189208504556,0.07335798885819952,0.132393574673348,,,,,,,,,,,5.826217096368457,57.676224,4.779934935231454,54.009365,,,4.953412486653639,50.216076,4.3112138779018565,54.009365,3.7695690800031776,18.843306,4.195659423611827,14.386748,3.2799915753561883,14.900035,6.316728746512157,57.676224,7.555193746393149,49.839333,4.73644117288196,19.600212,4.272498906053455,29.277163,5.449748501111776,37.82093,5.072350343169873,31.402996,5.7396038925432675,44.8062,0.9153098543364188,0.024522075557578515,0.033113336367774235,0.02639963586709149,0.20050068274920346,0.2125056895766955,0.07999544833864361,0.05154756486117433,0.12141556668183887,0.08915566681838871,0.1608443331816113,0.9999999,1.0262891,1.0415245294570925,2.0654101371765137,0.5042700772646017,57.67622375488281,0.0356374233961105
  -35,0.0022465753424657535,0.0,0.05978589074938238,0.9402141092506177,0.0035360137673969456,0.00014635696105833932,0.003730555893598129,0.0,0.00475052398340562,0.0008394182808189454,0.0,0.00017573662937144866,0.00023433609654647177,0.0,0.00014748827468216277,0.0,0.0,0.0004020010720028587,0.000280885726323674,0.0003278227883669742,,,,,,,,,,,3.7408979287961635,8.624155,7.636028988566009,33.396122,,,7.865292573300917,32.49463,4.020521322886149,6.3999357,,,3.5499547322591147,4.1607075,3.1003913283348083,3.2175946,,,3.567893552780151,4.1255984,,,,,3.690532922744751,4.6975656,5.81607969601949,8.624155,3.046173402241298,4.223954,0.9977534246575342,0.0,0.14634146341463414,0.1951219512195122,0.0,0.12195121951219512,0.0,0.0,0.21951219512195122,0.14634146341463414,0.17073170731707318,0.9999999,1.4095033,0.3002800643444061,0.9291043281555176,0.3231930529701977,38.42577362060547,0.0024056835100054
  -36,0.05967170730388579,0.0,0.3483134665074198,0.6516865334925802,0.07883721917027098,0.08667187840235313,0.07838756560586858,0.0,0.06947121225738376,0.10318138757614695,0.025917357308109058,0.10573487200515494,0.015759102492750227,0.10900082576383155,0.10406772661573405,0.11213785098879514,0.0902352993704514,0.14311238163301768,0.07939703197415851,0.12129443169578046,,,,,,,,,,,4.12280365169735,24.653545,3.894022689421351,29.811937,,,3.857950276254015,29.811937,3.9581919926085356,28.175749,3.819528198242187,8.845299,5.055475678470334,24.653545,3.625254342990292,10.831662,4.0158080088369745,10.859816,4.081809985597112,17.116665,3.774293105313734,10.138119,4.43087004258573,19.93641,3.939824677138748,10.991527,3.631878302204164,8.610499,3.8837867333621925,11.451237,0.9403282926961142,0.0364497528830313,0.14868204283360792,0.022158154859967052,0.15222405271828665,0.14530477759472818,0.10345963756177924,0.08323723228995057,0.13196046128500824,0.06985172981878089,0.10667215815485996,0.9999998,1.010557,-0.6687484979629517,0.3684571981430053,-1.8149964265412384,29.81193733215332,0.07621531188488
  -37,0.08176597490200845,0.0,0.27173294116201235,0.7282670588379876,0.05101315028988532,0.07684811360155924,0.049530407646563995,0.0,0.049313246100775684,0.05113051682420854,0.01918177292295077,0.006736570792572199,0.006356366618823047,0.13374424914474461,0.1363676587711277,0.11128967456809964,0.02585167656382551,0.10559228157941755,0.11006039043115959,0.1630215894722053,,,,,,,,,,,4.723437299486077,46.416004,3.9009552405980656,50.331264,,,3.974151299551223,50.331264,3.708895291732612,34.61606,3.395942424089854,9.933178,3.0175518720046326,4.469534,3.1145534724134456,6.233816,5.149841056663908,45.72177,5.27779985546886,46.416004,4.38033806488689,20.597918,3.30035187543365,8.645735,4.387792375083705,25.603024,4.0169639094542156,16.025753,5.081991692104408,34.12847,0.9182340250979916,0.03042549238201412,0.010683760683760684,0.010079895949461166,0.2106558900037161,0.21474358974358973,0.11580267558528429,0.026895206243032328,0.10981047937569677,0.10920661464139725,0.16169639539204755,0.99999994,0.96028864,0.649707555770874,2.018726348876953,0.3218403307274984,50.33126449584961,0.0476407185196876
  -38,0.048146845569872074,0.0,0.7404376975278539,0.259562302472146,0.054540445119225664,0.048379899834723725,0.054894016482546146,0.0,0.019341339821962143,0.1533198646139331,0.0007028435880165169,0.0015230507878858884,0.013474325551422127,0.08239943376194409,0.13769505324326717,0.015713584214990403,0.06474081350180828,0.08107021618724317,0.03244230139038434,0.05830562450241184,,,,,,,,,,,4.005148337405078,19.85366,6.256927354153196,51.125237,,,3.67456444550619,21.466633,7.151564957339148,51.125237,2.9663680295149484,4.3861017,3.2613860827225905,5.487843,3.3635620790979135,8.077534,3.718001150709436,9.31333,4.760986713333424,19.85366,3.2503164681521324,6.909215,3.6477946981890454,13.419842,3.765202740335595,11.1075325,3.209840150794596,7.578115,3.5258593182008435,8.605372,0.951853154430128,0.0017708256474581274,0.0038367889028259427,0.03394082490961411,0.206153619124917,0.3444255884306058,0.025972109496052536,0.10698738286726187,0.13391868958902087,0.05113259057035343,0.09186158046189036,0.9999998,1.0623404,-1.679252028465271,-0.5528936386108398,3.037206274762786,51.12523651123047,0.041263747960329
  -39,0.055270070974283346,0.0,0.7320836319900866,0.26791636800991336,0.016816312706844697,0.017123764443825698,0.016798667169837914,0.0,0.006117208069954697,0.04644935317001805,0.0050077605646176825,0.000263604944057173,0.0005565482292978704,0.036274625457119264,0.03937936934013746,0.016293915450203117,0.018618564986382105,0.01996605324280865,0.01488694349515472,0.02276026787804992,,,,,,,,,,,3.660071991224054,25.222439,5.217291671894365,43.88836,,,3.1913683038555147,13.360025,5.947994766732301,43.88836,3.1202232307857938,4.9472365,2.9781721433003745,3.8580709,3.007204432236521,3.982141,4.398424609889828,25.222439,3.5627502093154386,10.870506,3.472702411102922,9.33731,3.3151115810842535,8.527678,3.4895604206144935,8.603363,3.1873560101731027,5.7543044,3.1896755302884454,6.879638,0.9447299290257166,0.03564727954971857,0.001876172607879925,0.003960808838857619,0.2564102564102564,0.2782989368355222,0.07608922243068585,0.08692933083176986,0.09318323952470293,0.06629143214509069,0.10131332082551595,0.9999999,1.062832,0.3559722602367401,1.7600836753845217,0.2022473506317656,43.88835906982422,0.0131431873887777
  -40,0.05537564170975399,0.0,0.44481238346799257,0.5551876165320074,0.021059916736079102,0.02148591581975962,0.02103546742683222,0.0,0.01585847288656328,0.03530721244528172,0.002049960465048174,0.003104680452228926,0.0004979642051612525,0.0305532617671346,0.04669478776437273,0.027543413240480336,0.02330669286065098,0.026040736108629624,0.01409110060390431,0.055448883060928204,,,,,,,,,,,3.7224302834144614,25.546934,4.157909700926821,43.803604,,,4.06137817185926,43.803604,4.273094260142162,40.821045,3.0695902143205913,5.9996147,3.0252218943721845,4.42314,3.1673532794503605,4.274992,4.1379886789671705,25.546934,3.8656072877135697,16.137192,3.55105053122658,13.45344,3.2790914970339493,6.932098,3.472670853649159,10.736769,3.3513471977259233,8.647265,3.778461886016099,15.564637,0.944624358290246,0.011629838843661738,0.01761089882040206,0.002824389433460708,0.1721216148861937,0.26300049842166473,0.10250872237913275,0.08672536966273467,0.09685994351221133,0.050008307027745474,0.19671041701279282,0.9999998,0.9996239,0.6998721957206726,1.7906062602996826,0.3908576727546676,43.80360412597656,0.0332621000707149
  -41,0.4829418823932796,0.0,0.15702183510320963,0.8429781648967903,0.004520672505255098,0.040223176517204084,0.002471603399438071,0.0,0.00391947354230535,0.002028786882567001,0.07359358069522945,0.0006736570792572199,0.012683441225577786,0.008375604577090951,0.0012094038523937348,0.09633498504531048,0.00022324418448899406,0.0029926746471323922,0.21993352371143673,0.048986090947407857,,,,,,,,,,,11.82519371716063,56.835377,4.3588184652657365,23.165367,,,8.052693600293516,56.835377,4.030897864907709,10.577486,12.333248416029313,39.42008,2.9479339537413223,3.4346547,4.559524930927547,7.0311584,5.4941509491960785,14.604797,3.247982193784016,6.127909,9.678514805405753,21.1781,2.7588174819946287,2.8106427,3.376912568932149,6.64431,15.285035714691071,56.835377,5.336392593429376,17.72993,0.5170581176067204,0.22302094426695065,0.0020411785587504437,0.03842740504082357,0.025204117855875046,0.0036386226482073127,0.19151579694710685,0.00044373446929357475,0.005946041888533901,0.4169329073482428,0.09282925097621583,0.9999999,1.2349718,0.282621681690216,1.9897412061691284,0.142039417394562,56.83537673950195,0.003861392615363
  -42,0.05780757774481803,0.0,0.5196089885890096,0.4803910114109904,0.01580665967989097,0.016834620203686052,0.01574766207707289,0.0,0.010264693448903713,0.03085266860244179,0.001317831727530969,0.0010251303380001172,0.0035150414481970767,0.02901970036569541,0.04737323382791068,0.0044194455604660505,0.01241237665758807,0.033589422905127744,0.007771171761621647,0.029550882779937244,,,,,,,,,,,3.5322460416416868,12.600488,3.8610861954068376,37.593536,,,4.082273897785155,37.593536,3.653681190845529,18.516083,2.8929670810699455,4.423072,3.202375180380685,5.099573,3.029165581862131,5.4301033,3.556860934912674,7.7199454,3.836088012639494,12.600488,3.170159147243306,5.262398,3.3522233302644686,8.058305,3.3829501769010055,6.7938237,3.159027243235025,5.4108324,3.2923239422297894,6.904063,0.942192422255182,0.009541984732824428,0.007421543681085666,0.02544529262086514,0.20865139949109415,0.34054283290924514,0.02099236641221374,0.058948261238337574,0.1594571670907549,0.035199321458863446,0.13379983036471585,0.99999994,1.1767424,-0.2581993043422699,0.7390419840812683,-0.3493702792314938,37.593536376953125,0.0193444993346929
  -43,0.1052849583749001,0.0,0.27820579446537613,0.7217942055346239,0.03321159758264536,0.06442205063950852,0.03142034016507131,0.0,0.030821264239644323,0.03301172333575113,0.0050077605646176825,0.001698787417257337,0.016169190661706554,0.04170107349298101,0.07282971003805197,0.03473059238426856,0.14376925481091218,0.33223155261747367,0.026965029727072702,0.06420643469301737,,,,,,,,,,,4.796703574491901,24.373405,4.358165988627435,51.811546,,,4.722910336501078,51.811546,3.401474176538861,11.445923,3.1807992123720945,5.909528,3.175861021568035,5.7072263,3.5119302657203395,6.9524794,3.6099345894817567,7.9613905,4.072977703174824,11.573312,3.3711567485853453,6.1256094,4.0431270086987405,15.871593,6.168788971039327,24.373405,3.5866355875300036,9.764054,3.7547734905384824,11.049735,0.8947150416251,0.009475259045824792,0.0032138305535546075,0.030586801130381782,0.07835097246079681,0.13680944201252285,0.04310965811492215,0.17842300659389373,0.4121460630575719,0.03191666204909403,0.07596830498143736,0.9999998,0.9968448,-0.0940283834934234,1.2961841821670532,-0.0725424556070574,51.8115463256836,0.0229643732309341
  ... 4564 further lines not shown (cap is 50)
