dataset:    science-of-finetuning/diffing-stats-gemma-2-2b-it-Meditron3-L16-k100-lr1e-04-local-shuffling-CCLoss
commit:     fad91388c65a583805cf0ffa0470bea580f3069d
type:       column/field add-remove
message:    Added betas columns to df
status:     archived
hub:        reachable (HTTP 200)
generated:  2026-07-31T18:09:49Z by analysis/archive_evidence.py, wrapping inspect_commit.py --download --show_rows
============================================================
# science-of-finetuning/diffing-stats-gemma-2-2b-it-Meditron3-L16-k100-lr1e-04-local-shuffling-CCLoss @ fad91388c6
message: Added betas columns to df 

file changes:
M	feature_df.csv   [stored in Git LFS]

[feature_df.csv] column change:
  removed: []
  added:   ['beta_activation_base', 'beta_activation_chat', 'beta_activation_no_bias_base', 'beta_activation_no_bias_chat', 'beta_activation_no_bias_ratio', 'beta_activation_ratio', 'beta_error_base', 'beta_error_chat', 'beta_ratio_error', 'beta_ratio_reconstruction', 'beta_reconstruction_base', 'beta_reconstruction_chat']
  payload size 12,099,979 -> 24,609,224 bytes (+12,509,245): the data did change
  first 20 lines at each revision (head sample, not a diff of the whole file):
  --- feature_df.csv@d9487767ae
  +++ feature_df.csv@fad91388c6
  @@ -1,20 +1,20 @@
  -,dec_base_norm,dec_instruct_norm,dec_norm_diff,tag,enc_base_norm,enc_instruct_norm,enc_norm_diff,dec_cos_sim,enc_cos_sim
  -0,1.3444623947143555,1.2931219339370728,0.5190932750701904,Shared,0.5973933935165405,0.5866338610649109,0.5090054273605347,0.9953457117080688,0.6138588190078735
  -1,1.0764979124069214,1.0647809505462646,0.5054421424865723,Shared,1.059765100479126,1.0631422996520996,0.4984116852283478,0.9845285415649414,0.9291524887084961
  -2,0.920784056186676,0.9107207655906677,0.505464494228363,Shared,0.9350280165672302,0.944359302520752,0.49505946040153503,0.9657009840011597,0.8721462488174438
  -3,0.9487810134887695,0.952584981918335,0.4980033338069916,Shared,1.0685408115386963,1.0838837623596191,0.49292224645614624,0.9657533764839172,0.9293022155761719
  -4,0.8397529125213623,0.8144187927246094,0.5150842666625977,Shared,0.9258617162704468,0.9383209347724915,0.4933609068393707,0.9816080927848816,0.9302112460136414
  -5,1.0393896102905273,1.0097559690475464,0.5142552852630615,Shared,1.071576476097107,1.066323161125183,0.5024511814117432,0.9795250296592712,0.9702306985855103
  -6,0.8738452196121216,0.8821755051612854,0.49527856707572937,Shared,0.6785737872123718,0.6849582195281982,0.4953395426273346,0.9537006616592407,0.24931645393371582
  -7,1.123713493347168,1.0950289964675903,0.512763261795044,Shared,1.0419386625289917,1.0331710577011108,0.5042073726654053,0.9893248677253723,0.950266420841217
  -8,1.083522081375122,0.9491952657699585,0.5619862079620361,Shared,1.0068968534469604,0.9550915956497192,0.5257251858711243,0.9647444486618042,0.9143565893173218
  -9,0.8654639720916748,0.8517430424690247,0.5079269409179688,Shared,0.9167660474777222,0.9627234935760498,0.4761315584182739,0.9711015224456787,0.8469319939613342
  -10,1.0268019437789917,0.9445889592170715,0.5400335192680359,Shared,1.0527015924453735,1.0472904443740845,0.5025701522827148,0.9518541693687439,0.9540543556213379
  -11,1.0672558546066284,1.0655691623687744,0.5007901787757874,Shared,1.0778692960739136,1.0728152990341187,0.5023444294929504,0.9889433979988098,0.9585893154144287
  -12,0.9034038186073303,0.8686950206756592,0.5192100405693054,Shared,0.8014930486679077,0.831969678401947,0.4816840589046478,0.9638587236404419,0.7878444790840149
  -13,1.0850939750671387,1.0895875692367554,0.497937947511673,Shared,1.1439502239227295,1.1432127952575684,0.5003223419189453,0.9924266338348389,0.9690850973129272
  -14,1.0127809047698975,0.8536580801010132,0.5785573720932007,Shared,0.750930666923523,0.60560142993927,0.5967661142349243,0.9912632703781128,0.19578440487384796
  -15,1.0355637073516846,1.0402042865753174,0.49776938557624817,Shared,1.0657780170440674,1.0814107656478882,0.49277207255363464,0.979242205619812,0.8471369743347168
  -16,0.9586709141731262,0.898617148399353,0.5313213467597961,Shared,0.6203325390815735,0.582273542881012,0.5306763052940369,0.9951520562171936,0.7423202991485596
  -17,0.9261869788169861,0.8996363282203674,0.5143333077430725,Shared,0.8948679566383362,1.056397795677185,0.42354685068130493,0.7227733135223389,0.6476055383682251
  -18,0.9000407457351685,0.8839032053947449,0.5089648962020874,Shared,0.9672613739967346,0.9802247881889343,0.49338752031326294,0.9796373844146729,0.8207312226295471
  +,dec_base_norm,dec_instruct_norm,dec_norm_diff,tag,enc_base_norm,enc_instruct_norm,enc_norm_diff,dec_cos_sim,enc_cos_sim,beta_reconstruction_base,beta_reconstruction_chat,beta_ratio_reconstruction,beta_activation_base,beta_activation_chat,beta_activation_ratio,beta_activation_no_bias_base,beta_activation_no_bias_chat,beta_activation_no_bias_ratio,beta_error_base,beta_error_chat,beta_ratio_error
  +0,1.3444623947143557,1.2931219339370728,0.5190932750701904,Shared,0.5973933935165405,0.5866338610649109,0.5090054273605347,0.9953457117080688,0.6138588190078735,0.7762547135353088,0.7518270611763,1.0324910522917192,0.7817615866661072,0.7564285397529602,1.0334903372649324,1.2997009754180908,1.2480032444000244,1.041424356266734,,,
  +1,1.0764979124069214,1.0647809505462646,0.5054421424865723,Shared,1.059765100479126,1.0631422996520996,0.4984116852283478,0.9845285415649414,0.929152488708496,1.9184995889663696,1.8727484941482544,1.0244299194264863,1.890741229057312,1.847344160079956,1.0234915994080267,1.8735955953598022,1.8369998931884766,1.0199214503533838,,,
  +2,0.920784056186676,0.9107207655906676,0.505464494228363,Shared,0.9350280165672302,0.944359302520752,0.495059460401535,0.9657009840011596,0.8721462488174438,2.2415361404418945,2.280214309692383,0.9830374850793274,3.1757094860076904,3.3311715126037598,0.953331125098823,3.461562156677246,3.544955015182495,0.9764756229209989,,,
  +3,0.9487810134887696,0.952584981918335,0.4980033338069916,Shared,1.0685408115386963,1.0838837623596191,0.4929222464561462,0.9657533764839172,0.929302215576172,1.234236240386963,1.240344524383545,0.9950753327994754,1.3162586688995361,1.3052430152893066,1.0084395422777175,1.4913289546966553,1.4787384271621704,1.008514370968669,,,
  +4,0.8397529125213623,0.8144187927246094,0.5150842666625977,Shared,0.9258617162704468,0.9383209347724916,0.4933609068393707,0.9816080927848816,0.9302112460136414,2.1616241931915283,2.1088366508483887,1.025031593756635,2.0429036617279053,1.980664610862732,1.0314233164584403,2.6906628608703613,2.6521174907684326,1.0145338093942289,,,
  +5,1.0393896102905271,1.0097559690475464,0.5142552852630615,Shared,1.071576476097107,1.066323161125183,0.5024511814117432,0.9795250296592712,0.9702306985855104,2.109642267227173,2.1099495887756348,0.9998543464971406,2.031540870666504,2.0149736404418945,1.0082220580418988,2.0163252353668213,1.9993135929107666,1.008508741458256,,,
  +6,0.8738452196121216,0.8821755051612854,0.4952785670757293,Shared,0.6785737872123718,0.6849582195281982,0.4953395426273346,0.9537006616592408,0.2493164539337158,2.2133095264434814,2.4210402965545654,0.9141977230173698,2.2206084728240967,2.4313995838165283,0.9133046199417554,1.9812487363815308,2.194013833999634,0.9030247237638254,,,
  +7,1.123713493347168,1.0950289964675903,0.512763261795044,Shared,1.0419386625289917,1.0331710577011108,0.5042073726654053,0.9893248677253724,0.950266420841217,1.4550590515136719,1.4099735021591187,1.0319761678396884,1.4755213260650635,1.4283850193023682,1.0329997207515638,1.5603485107421875,1.5142167806625366,1.0304657369200902,,,
  +8,1.083522081375122,0.9491952657699584,0.5619862079620361,Shared,1.0068968534469604,0.9550915956497192,0.5257251858711243,0.9647444486618042,0.9143565893173218,1.827017068862915,1.7454909086227417,1.0467067229267326,1.7534183263778687,1.6627955436706543,1.054500255940765,1.894870638847351,1.7873337268829346,1.0601661068366668,,,
  +9,0.8654639720916748,0.8517430424690247,0.5079269409179688,Shared,0.9167660474777222,0.9627234935760498,0.4761315584182739,0.9711015224456788,0.8469319939613342,1.8318582773208618,1.778900384902954,1.0297700157172076,2.0540411472320557,2.0309484004974365,1.0113704251319053,1.9603074789047241,1.9578028917312622,1.0012792846430252,,,
  +10,1.0268019437789917,0.9445889592170716,0.5400335192680359,Shared,1.0527015924453735,1.0472904443740845,0.5025701522827148,0.951854169368744,0.954054355621338,2.108154773712158,1.9994183778762817,1.0543840133906206,1.980136513710022,1.8320008516311646,1.0808600399650259,2.1227810382843018,1.9892913103103638,1.0671041628152045,,,
  +11,1.0672558546066284,1.0655691623687744,0.5007901787757874,Shared,1.0778692960739136,1.0728152990341189,0.5023444294929504,0.9889433979988098,0.9585893154144288,1.6126807928085327,1.6074706315994263,1.0032412170441474,1.6723425388336182,1.6664760112762451,1.0035203192351267,1.612657070159912,1.6146204471588135,0.9987840009072372,,,
  +12,0.9034038186073304,0.8686950206756592,0.5192100405693054,Shared,0.8014930486679077,0.831969678401947,0.4816840589046478,0.963858723640442,0.7878444790840149,2.4622952938079834,2.5952234268188477,0.9487796959455611,2.4410736560821533,2.5463438034057617,0.958658313467801,2.55116868019104,2.6166911125183105,0.974959813936842,,,
  +13,1.085093975067139,1.0895875692367554,0.497937947511673,Shared,1.1439502239227295,1.1432127952575684,0.5003223419189453,0.9924266338348388,0.9690850973129272,1.2415037155151367,1.2373619079589844,1.0033472887192594,1.100550889968872,1.0967793464660645,1.0034387440964856,1.2416049242019653,1.252109169960022,0.9916107588618714,,,
  +14,1.0127809047698977,0.8536580801010132,0.5785573720932007,Shared,0.750930666923523,0.60560142993927,0.5967661142349243,0.9912632703781128,0.1957844048738479,3.384305238723755,3.159611701965332,1.0711142880685813,3.396710157394409,3.1756656169891357,1.069605735321355,2.902230739593506,2.6729631423950195,1.0857728240102327,,,
  +15,1.0355637073516846,1.0402042865753174,0.4977693855762481,Shared,1.0657780170440674,1.0814107656478882,0.4927720725536346,0.979242205619812,0.8471369743347168,1.5856502056121826,1.5596319437026978,1.0166823089348345,1.2518595457077026,1.1941964626312256,1.048286094357896,1.2117283344268799,1.1814128160476685,1.02566039403621,,,
  +16,0.9586709141731262,0.898617148399353,0.5313213467597961,Shared,0.6203325390815735,0.582273542881012,0.5306763052940369,0.9951520562171936,0.7423202991485596,1.6996265649795532,1.579465389251709,1.076077118590596,1.7286486625671387,1.622495174407959,1.0654260732688556,2.0200862884521484,1.9364434480667114,1.0431940527201782,,,
  +17,0.926186978816986,0.8996363282203674,0.5143333077430725,Shared,0.8948679566383362,1.056397795677185,0.4235468506813049,0.7227733135223389,0.6476055383682251,-1.34470534324646,-0.9107322096824646,1.4765101409066275,-1.2574591636657715,-0.808161199092865,1.5559509230054958,1.0644794702529907,1.2419558763504028,0.8570992661841238,,,
  +18,0.9000407457351685,0.8839032053947449,0.5089648962020874,Shared,0.9672613739967346,0.9802247881889344,0.4933875203132629,0.9796373844146729,0.8207312226295471,1.1963086128234863,1.212729573249817,0.9864595035954088,0.975754976272583,1.006008505821228,0.9699271632659324,1.032192587852478,1.0842849016189575,0.951956986868765,,,
