dataset:    science-of-finetuning/diffing-stats-gemma-2-2b-it-Meditron3-L16-mu3.8e-02-lr1e-04-local-shuffling-CCLoss
commit:     680677e9d89e54d47d26ae76c3165f9bbfc13185
type:       column/field add-remove
message:    Added betas columns to df
status:     archived
hub:        reachable (HTTP 200)
generated:  2026-07-31T18:09:49Z by analysis/archive_evidence.py, wrapping inspect_commit.py --download --show_rows
============================================================
# science-of-finetuning/diffing-stats-gemma-2-2b-it-Meditron3-L16-mu3.8e-02-lr1e-04-local-shuffling-CCLoss @ 680677e9d8
message: Added betas columns to df 

file changes:
M	feature_df.csv   [stored in Git LFS]

[feature_df.csv] column change:
  removed: []
  added:   ['beta_activation_base', 'beta_activation_chat', 'beta_activation_no_bias_base', 'beta_activation_no_bias_chat', 'beta_activation_no_bias_ratio', 'beta_activation_ratio', 'beta_error_base', 'beta_error_chat', 'beta_ratio_error', 'beta_ratio_reconstruction', 'beta_reconstruction_base', 'beta_reconstruction_chat']
  payload size 12,114,115 -> 24,273,678 bytes (+12,159,563): the data did change
  first 20 lines at each revision (head sample, not a diff of the whole file):
  --- feature_df.csv@8127e1bf40
  +++ feature_df.csv@680677e9d8
  @@ -1,20 +1,20 @@
  -,dec_base_norm,dec_instruct_norm,dec_norm_diff,tag,enc_base_norm,enc_instruct_norm,enc_norm_diff,dec_cos_sim,enc_cos_sim
  -0,0.944554328918457,0.910046398639679,0.5182667970657349,Shared,0.9579258561134338,0.9338343739509583,0.5125747919082642,0.9938079714775085,0.930671215057373
  -1,0.6565514206886292,0.6060069799423218,0.5384923815727234,Shared,1.0788123607635498,0.9876378774642944,0.5422568917274475,0.994712769985199,0.8723639249801636
  -2,0.6598781943321228,0.5976358652114868,0.5471619963645935,Shared,1.2139993906021118,1.0918301343917847,0.5503168702125549,0.9836347699165344,0.8872216939926147
  -3,0.4092114567756653,0.40708214044570923,0.5026017427444458,Shared,0.9981967806816101,0.9297885298728943,0.53426593542099,0.9517284631729126,0.6881359219551086
  -4,0.4467222988605499,0.44680890440940857,0.4999030828475952,Shared,1.1049381494522095,1.1908971071243286,0.46390998363494873,0.9744950532913208,0.7861577272415161
  -5,0.636327862739563,0.5695202350616455,0.5524946451187134,Shared,1.2183696031570435,1.0456782579421997,0.5708698630332947,0.9899027943611145,0.8533168435096741
  -6,0.6919306516647339,0.669303297996521,0.5163508653640747,Shared,0.9906408190727234,0.9758531451225281,0.5074636936187744,0.992160439491272,0.8229988217353821
  -7,0.7343605160713196,0.09915565699338913,0.9324884414672852,Base only,1.6417850255966187,0.9328849911689758,0.7158930897712708,0.5976329445838928,0.0492776557803154
  -8,0.6299550533294678,0.7081741690635681,0.4447740912437439,Shared,1.078012228012085,1.1737040281295776,0.45923513174057007,0.9624586701393127,0.7742512822151184
  -9,0.5237595438957214,0.5008397102355957,0.5218800902366638,Shared,1.1225579977035522,1.0905567407608032,0.5142537355422974,0.9824374318122864,0.7946659326553345
  -10,0.6055864691734314,0.568746030330658,0.5304171442985535,Shared,1.1149964332580566,1.1406351327896118,0.48876121640205383,0.9873074293136597,0.871363639831543
  -11,0.6160966753959656,0.6050235033035278,0.5089865326881409,Shared,1.1277880668640137,1.2057113647460938,0.4676857590675354,0.9661752581596375,0.7705676555633545
  -12,0.8953079581260681,0.7834404706954956,0.5624743103981018,Shared,1.2213490009307861,1.297053337097168,0.47081679105758667,0.8891006708145142,0.6579636931419373
  -13,0.6870853304862976,0.6316045522689819,0.5403739809989929,Shared,1.1697804927825928,1.1043453216552734,0.5279690027236938,0.9780113697052002,0.8508572578430176
  -14,0.7328967452049255,0.5390029549598694,0.6322790384292603,Other,1.2472035884857178,0.9335422515869141,0.6257458329200745,0.980667769908905,0.6692438721656799
  -15,0.7529579997062683,0.7207120656967163,0.5214128494262695,Shared,1.2898821830749512,1.2983461618423462,0.4967404901981354,0.9917948246002197,0.9219810366630554
  -16,0.5353695154190063,0.5834830403327942,0.45877042412757874,Shared,1.055310606956482,1.1867045164108276,0.4446391761302948,0.9842492938041687,0.7779361009597778
  -17,0.13132385909557343,0.13181044161319733,0.4981542229652405,Shared,0.32332274317741394,0.3268175721168518,0.49465325474739075,0.8122864365577698,0.7676310539245605
  -18,0.5924248099327087,0.637961745262146,0.4643106162548065,Shared,1.0432270765304565,1.0491993427276611,0.4971539080142975,0.936741054058075,0.765142023563385
  +,dec_base_norm,dec_instruct_norm,dec_norm_diff,tag,enc_base_norm,enc_instruct_norm,enc_norm_diff,dec_cos_sim,enc_cos_sim,beta_reconstruction_base,beta_reconstruction_chat,beta_ratio_reconstruction,beta_activation_base,beta_activation_chat,beta_activation_ratio,beta_activation_no_bias_base,beta_activation_no_bias_chat,beta_activation_no_bias_ratio,beta_error_base,beta_error_chat,beta_ratio_error
  +0,0.944554328918457,0.910046398639679,0.5182667970657349,Shared,0.9579258561134338,0.9338343739509584,0.5125747919082642,0.9938079714775084,0.930671215057373,2.5579099655151367,2.498004913330078,1.0239811586700203,2.7648799419403076,2.708874464035034,1.0206748148165752,2.736999988555908,2.6816799640655518,1.0206288689297915,,,
  +1,0.6565514206886292,0.6060069799423218,0.5384923815727234,Shared,1.0788123607635498,0.9876378774642944,0.5422568917274475,0.994712769985199,0.8723639249801636,7.150456428527832,6.913692474365234,1.0342456588921878,7.851531028747559,7.585081100463867,1.0351281581244263,7.625326156616211,7.3842291831970215,1.0326502560304887,,,
  +2,0.6598781943321228,0.5976358652114868,0.5471619963645935,Shared,1.2139993906021118,1.091830134391785,0.5503168702125549,0.9836347699165344,0.8872216939926147,9.359800338745117,8.864202499389648,1.0559100313186205,9.975229263305664,9.383050918579102,1.0631114921857674,9.657370567321777,9.090741157531738,1.0623303864856588,,,
  +3,0.4092114567756653,0.4070821404457092,0.5026017427444458,Shared,0.99819678068161,0.9297885298728944,0.53426593542099,0.9517284631729126,0.6881359219551086,29.96879005432129,26.24285316467285,1.1419791082268507,31.997482299804688,28.363361358642578,1.128127301105472,30.78014373779297,27.831462860107422,1.1059477503035628,,,
  +4,0.4467222988605499,0.4468089044094085,0.4999030828475952,Shared,1.1049381494522097,1.1908971071243286,0.4639099836349487,0.9744950532913208,0.7861577272415161,22.8948917388916,22.69153594970703,1.008961746337281,24.019620895385742,23.756834030151367,1.011061527175753,23.089807510375977,22.94405746459961,1.0063524093766434,,,
  +5,0.636327862739563,0.5695202350616455,0.5524946451187134,Shared,1.2183696031570437,1.0456782579421997,0.5708698630332947,0.9899027943611144,0.8533168435096741,13.326896667480469,12.659880638122559,1.0526873869054763,14.73281192779541,14.013487815856934,1.0513308407864406,14.14208984375,13.452998161315918,1.0512221643213753,,,
  +6,0.6919306516647339,0.669303297996521,0.5163508653640747,Shared,0.9906408190727234,0.975853145122528,0.5074636936187744,0.992160439491272,0.8229988217353821,5.847859859466553,5.687000274658203,1.0282854891928095,6.325125217437744,6.155588150024414,1.0275419770266239,6.074094295501709,5.9096999168396,1.0278177201846865,,,
  +7,0.7343605160713196,0.0991556569933891,0.9324884414672852,Base only,1.6417850255966189,0.9328849911689758,0.7158930897712708,0.5976329445838928,0.0492776557803154,55.425254821777344,51.275489807128906,1.080930772777747,59.29083251953125,55.53767013549805,1.0675786790277018,56.13733673095703,52.5763053894043,1.067730726135625,,,
  +8,0.6299550533294678,0.7081741690635681,0.4447740912437439,Shared,1.078012228012085,1.1737040281295776,0.45923513174057,0.9624586701393129,0.7742512822151184,6.738242149353027,6.703278541564941,1.0052158966051146,7.2097930908203125,7.1707916259765625,1.0054389343433807,6.903802394866943,6.819594860076904,1.0123478793854757,,,
  +9,0.5237595438957214,0.5008397102355957,0.5218800902366638,Shared,1.1225579977035522,1.0905567407608032,0.5142537355422974,0.9824374318122864,0.7946659326553345,15.009980201721191,14.814638137817383,1.0131857465627296,16.119182586669922,15.908875465393066,1.0132194837865405,15.206788063049316,14.820602416992188,1.0260573514619322,,,
  +10,0.6055864691734314,0.568746030330658,0.5304171442985535,Shared,1.1149964332580566,1.1406351327896118,0.4887612164020538,0.9873074293136596,0.871363639831543,11.609465599060059,11.333412170410156,1.0243574860332563,12.082923889160156,11.80528736114502,1.0235179813520616,11.381248474121094,11.097211837768555,1.0255953153373032,,,
  +11,0.6160966753959656,0.6050235033035278,0.5089865326881409,Shared,1.1277880668640137,1.2057113647460938,0.4676857590675354,0.9661752581596376,0.7705676555633545,10.280369758605957,9.691973686218262,1.0607096233891327,10.86751651763916,10.26906681060791,1.0582769318837282,10.336477279663086,9.834023475646973,1.0510934110804588,,,
  +12,0.8953079581260681,0.7834404706954956,0.5624743103981018,Shared,1.221349000930786,1.297053337097168,0.4708167910575866,0.8891006708145142,0.6579636931419373,4.513784885406494,4.717384338378906,0.9568406052235342,4.583377361297607,4.726171493530273,0.9697865106189779,4.5116868019104,4.642182350158691,0.971889180905651,,,
  +13,0.6870853304862976,0.6316045522689819,0.5403739809989929,Shared,1.1697804927825928,1.1043453216552734,0.5279690027236938,0.9780113697052002,0.8508572578430176,9.110334396362305,8.823311805725098,1.0325300291950432,9.717460632324219,9.404279708862305,1.033301957529696,9.372332572937012,9.041478157043457,1.0365929563890848,,,
  +14,0.7328967452049255,0.5390029549598694,0.6322790384292603,Other,1.2472035884857178,0.933542251586914,0.6257458329200745,0.980667769908905,0.6692438721656799,11.187297821044922,10.171719551086426,1.0998433219533685,12.015666007995605,10.972517013549805,1.095069252857629,11.642265319824219,10.639067649841309,1.0942937579683378,,,
  +15,0.7529579997062683,0.7207120656967163,0.5214128494262695,Shared,1.2898821830749512,1.2983461618423462,0.4967404901981354,0.9917948246002196,0.9219810366630554,5.096036434173584,4.914525032043457,1.0369336611262827,5.2206854820251465,5.040631294250488,1.0357205630136117,5.014962196350098,4.8380208015441895,1.0365730950866172,,,
  +16,0.5353695154190063,0.5834830403327942,0.4587704241275787,Shared,1.055310606956482,1.1867045164108276,0.4446391761302948,0.9842492938041688,0.7779361009597778,12.789971351623535,12.422796249389648,1.0295565583515005,13.415613174438477,13.020363807678223,1.0303562460003746,12.857766151428223,12.450189590454102,1.032736574653178,,,
  +17,0.1313238590955734,0.1318104416131973,0.4981542229652405,Shared,0.3233227431774139,0.3268175721168518,0.4946532547473907,0.8122864365577698,0.7676310539245605,,,,,,,,,,,,
  +18,0.5924248099327087,0.637961745262146,0.4643106162548065,Shared,1.0432270765304563,1.0491993427276611,0.4971539080142975,0.936741054058075,0.765142023563385,7.591085910797119,8.013260841369629,0.9473154638380208,8.148947715759277,8.605749130249023,0.9469190412623,7.722274303436279,8.113133430480957,0.9518239000512152,,,
