dataset:    syntaxnoob/weather-prediction-prototype-aws
commit:     a2061d30db07e32f34f5d50160bb77b8f4891f78
type:       restructure/reorg/consolidate
message:    restructure of the dataset
status:     archived
hub:        reachable (HTTP 200)
generated:  2026-07-31T18:08:58Z by analysis/archive_evidence.py, wrapping inspect_commit.py --download --show_rows
============================================================
# syntaxnoob/weather-prediction-prototype-aws @ a2061d30db
message: restructure of the dataset 

file changes:
M	test_aws_10min.csv   [stored in Git LFS]
M	train_aws_10min.csv   [stored in Git LFS]

[test_aws_10min.csv] column change:
  removed: ['air_pressure', 'air_temperature', 'code', 'precipitation', 'relative_humidity', 'timestamp', 'wind_direction', 'wind_speed']
  added:   ['air_pressure_1', 'air_pressure_2', 'air_temperature_1', 'air_temperature_2', 'code_1', 'code_2', 'precipitation_1', 'precipitation_2', 'relative_humidity_1', 'relative_humidity_2', 'tar_air_pressure_1', 'tar_air_pressure_2', 'tar_air_temperature_1', 'tar_air_temperature_2', 'tar_code_1', 'tar_code_2', 'tar_precipitation_1', 'tar_precipitation_2', 'tar_relative_humidity_1', 'tar_relative_humidity_2', 'tar_timestamp_1', 'tar_timestamp_2', 'tar_wind_direction_1', 'tar_wind_direction_2', 'tar_wind_speed_1', 'tar_wind_speed_2', 'timestamp_1', 'timestamp_2', 'wind_direction_1', 'wind_direction_2', 'wind_speed_1', 'wind_speed_2']
  payload size 7,604,065 -> 15,388,846 bytes (+7,784,781): the data did change
  first 20 lines at each revision (head sample, not a diff of the whole file):
  --- test_aws_10min.csv@c1e55b9082
  +++ test_aws_10min.csv@a2061d30db
  @@ -1,20 +1,20 @@
  -timestamp,code,air_pressure,air_temperature,relative_humidity,precipitation,wind_speed,wind_direction
  -2023-04-21T06:30:00,1,0.6709766162310858,0.3800450727309977,0.8644086995922067,0.0,0.2120280948200175,0.2719444444444444
  -2023-04-21T06:30:00,0,0.3623108665749653,0.3446015160827699,0.8812868146805618,0.0,0.1505706760316067,0.2552777777777777
  -2023-04-21T06:40:00,1,0.6709766162310858,0.3810694529809465,0.8648618033529678,0.0,0.2168568920105356,0.2675
  -2023-04-21T06:40:00,0,0.3624025676295273,0.3495185412825241,0.8734707748074308,0.0,0.1786654960491659,0.2608333333333333
  -2023-04-21T06:50:00,1,0.6709766162310858,0.3808645769309567,0.864521975532397,0.0,0.2115891132572432,0.2802777777777778
  -2023-04-21T06:50:00,0,0.3634112792297109,0.3544355664822782,0.866447666515632,0.0,0.1580333625987708,0.2902777777777778
  -2023-04-21T07:00:00,1,0.6690508940852818,0.3812743290309363,0.865314907113729,0.0,0.1812993854258121,0.2786111111111111
  -2023-04-21T07:00:00,0,0.3634112792297109,0.3618111042819094,0.8571590394200272,0.0,0.1264266900790167,0.315
  -2023-04-21T07:10:00,1,0.6689591930307198,0.3847572218807621,0.8659945627548709,0.0,0.2080772607550483,0.2711111111111111
  -2023-04-21T07:10:00,0,0.3623108665749653,0.3661135013316943,0.8431128228364296,0.0,0.1360842844600527,0.3086111111111111
  -2023-04-21T07:20:00,1,0.6687757909215958,0.3868059823806596,0.8647485274127775,0.0,0.228270412642669,0.2799999999999999
  -2023-04-21T07:20:00,0,0.3623108665749653,0.3681622618315918,0.823855913004078,0.0,0.1308165057067603,0.2877777777777777
  -2023-04-21T07:30:00,1,0.6687757909215958,0.3894693710305265,0.8631626642501133,0.0,0.2541703248463565,0.2719444444444444
  -2023-04-21T07:30:00,0,0.3623108665749653,0.3704158983814791,0.8043724512913457,0.0,0.136523266022827,0.2897222222222222
  -2023-04-21T07:40:00,1,0.6698762035763414,0.3896742470805162,0.8597643860444042,0.0,0.2686567164179105,0.2791666666666667
  -2023-04-21T07:40:00,0,0.3603851444291613,0.3835279655808236,0.7838695061169008,0.0,0.0895522388059701,0.2622222222222222
  -2023-04-21T07:50:00,1,0.6687757909215958,0.3913132554804343,0.8568192115994563,0.0,0.2467076382791923,0.2969444444444444
  -2023-04-21T07:50:00,0,0.3609353507565336,0.3894693710305265,0.7575894879927503,0.0,0.0825285338015803,0.2436111111111111
  -2023-04-21T08:00:00,1,0.6696011004126542,0.3956156525302192,0.8531943815133667,0.0,0.2269534679543459,0.2961111111111111
  +timestamp_1,code_1,air_pressure_1,air_temperature_1,relative_humidity_1,precipitation_1,wind_speed_1,wind_direction_1,timestamp_2,tar_timestamp_1,tar_timestamp_2,code_2,tar_code_1,tar_code_2,air_pressure_2,tar_air_pressure_1,tar_air_pressure_2,air_temperature_2,tar_air_temperature_1,tar_air_temperature_2,relative_humidity_2,tar_relative_humidity_1,tar_relative_humidity_2,precipitation_2,tar_precipitation_1,tar_precipitation_2,wind_speed_2,tar_wind_speed_1,tar_wind_speed_2,wind_direction_2,tar_wind_direction_1,tar_wind_direction_2
  +2023-04-21T06:30:00,1,0.6709766162310858,0.3800450727309977,0.8644086995922067,0.0,0.2120280948200175,0.2719444444444444,2023-04-21T06:30:00,2023-04-21T06:40:00,2023-04-21T06:40:00,0.0,1.0,0.0,0.3623108665749653,0.6709766162310858,0.3624025676295273,0.3446015160827699,0.3810694529809465,0.3495185412825241,0.8812868146805618,0.8648618033529678,0.8734707748074308,0.0,0.0,0.0,0.1505706760316067,0.2168568920105356,0.1786654960491659,0.2552777777777777,0.2675,0.2608333333333333
  +2023-04-21T06:40:00,1,0.6709766162310858,0.3810694529809465,0.8648618033529678,0.0,0.2168568920105356,0.2675,2023-04-21T06:40:00,2023-04-21T06:50:00,2023-04-21T06:50:00,0.0,1.0,0.0,0.3624025676295273,0.6709766162310858,0.3634112792297109,0.3495185412825241,0.3808645769309567,0.3544355664822782,0.8734707748074308,0.864521975532397,0.866447666515632,0.0,0.0,0.0,0.1786654960491659,0.2115891132572432,0.1580333625987708,0.2608333333333333,0.2802777777777778,0.2902777777777778
  +2023-04-21T06:50:00,1,0.6709766162310858,0.3808645769309567,0.864521975532397,0.0,0.2115891132572432,0.2802777777777778,2023-04-21T06:50:00,2023-04-21T07:00:00,2023-04-21T07:00:00,0.0,1.0,0.0,0.3634112792297109,0.6690508940852818,0.3634112792297109,0.3544355664822782,0.3812743290309363,0.3618111042819094,0.866447666515632,0.865314907113729,0.8571590394200272,0.0,0.0,0.0,0.1580333625987708,0.1812993854258121,0.1264266900790167,0.2902777777777778,0.2786111111111111,0.315
  +2023-04-21T07:00:00,1,0.6690508940852818,0.3812743290309363,0.865314907113729,0.0,0.1812993854258121,0.2786111111111111,2023-04-21T07:00:00,2023-04-21T07:10:00,2023-04-21T07:10:00,0.0,1.0,0.0,0.3634112792297109,0.6689591930307198,0.3623108665749653,0.3618111042819094,0.3847572218807621,0.3661135013316943,0.8571590394200272,0.8659945627548709,0.8431128228364296,0.0,0.0,0.0,0.1264266900790167,0.2080772607550483,0.1360842844600527,0.315,0.2711111111111111,0.3086111111111111
  +2023-04-21T07:10:00,1,0.6689591930307198,0.3847572218807621,0.8659945627548709,0.0,0.2080772607550483,0.2711111111111111,2023-04-21T07:10:00,2023-04-21T07:20:00,2023-04-21T07:20:00,0.0,1.0,0.0,0.3623108665749653,0.6687757909215958,0.3623108665749653,0.3661135013316943,0.3868059823806596,0.3681622618315918,0.8431128228364296,0.8647485274127775,0.823855913004078,0.0,0.0,0.0,0.1360842844600527,0.228270412642669,0.1308165057067603,0.3086111111111111,0.2799999999999999,0.2877777777777777
  +2023-04-21T07:20:00,1,0.6687757909215958,0.3868059823806596,0.8647485274127775,0.0,0.228270412642669,0.2799999999999999,2023-04-21T07:20:00,2023-04-21T07:30:00,2023-04-21T07:30:00,0.0,1.0,0.0,0.3623108665749653,0.6687757909215958,0.3623108665749653,0.3681622618315918,0.3894693710305265,0.3704158983814791,0.823855913004078,0.8631626642501133,0.8043724512913457,0.0,0.0,0.0,0.1308165057067603,0.2541703248463565,0.136523266022827,0.2877777777777777,0.2719444444444444,0.2897222222222222
  +2023-04-21T07:30:00,1,0.6687757909215958,0.3894693710305265,0.8631626642501133,0.0,0.2541703248463565,0.2719444444444444,2023-04-21T07:30:00,2023-04-21T07:40:00,2023-04-21T07:40:00,0.0,1.0,0.0,0.3623108665749653,0.6698762035763414,0.3603851444291613,0.3704158983814791,0.3896742470805162,0.3835279655808236,0.8043724512913457,0.8597643860444042,0.7838695061169008,0.0,0.0,0.0,0.136523266022827,0.2686567164179105,0.0895522388059701,0.2897222222222222,0.2791666666666667,0.2622222222222222
  +2023-04-21T07:40:00,1,0.6698762035763414,0.3896742470805162,0.8597643860444042,0.0,0.2686567164179105,0.2791666666666667,2023-04-21T07:40:00,2023-04-21T07:50:00,2023-04-21T07:50:00,0.0,1.0,0.0,0.3603851444291613,0.6687757909215958,0.3609353507565336,0.3835279655808236,0.3913132554804343,0.3894693710305265,0.7838695061169008,0.8568192115994563,0.7575894879927503,0.0,0.0,0.0,0.0895522388059701,0.2467076382791923,0.0825285338015803,0.2622222222222222,0.2969444444444444,0.2436111111111111
  +2023-04-21T07:50:00,1,0.6687757909215958,0.3913132554804343,0.8568192115994563,0.0,0.2467076382791923,0.2969444444444444,2023-04-21T07:50:00,2023-04-21T08:00:00,2023-04-21T08:00:00,0.0,1.0,0.0,0.3609353507565336,0.6696011004126542,0.3607519486474095,0.3894693710305265,0.3956156525302192,0.4021716861298914,0.7575894879927503,0.8531943815133667,0.7311961939284095,0.0,0.0,0.0,0.0825285338015803,0.2269534679543459,0.1255487269534679,0.2436111111111111,0.2961111111111111,0.2383333333333333
  +2023-04-21T08:00:00,1,0.6696011004126542,0.3956156525302192,0.8531943815133667,0.0,0.2269534679543459,0.2961111111111111,2023-04-21T08:00:00,2023-04-21T08:10:00,2023-04-21T08:10:00,0.0,1.0,0.0,0.3607519486474095,0.6695093993580921,0.3601100412654741,0.4021716861298914,0.3964351567301782,0.4163081335791845,0.7311961939284095,0.8476438604440416,0.7001585863162665,0.0,0.0,0.0,0.1255487269534679,0.2594381035996488,0.1321334503950834,0.2383333333333333,0.2986111111111111,0.2780555555555555
  +2023-04-21T08:10:00,1,0.6695093993580921,0.3964351567301782,0.8476438604440416,0.0,0.2594381035996488,0.2986111111111111,2023-04-21T08:10:00,2023-04-21T08:20:00,2023-04-21T08:20:00,0.0,1.0,0.0,0.3601100412654741,0.6690508940852818,0.3601100412654741,0.4163081335791845,0.4009424298299529,0.4228641671788568,0.7001585863162665,0.8418667874943363,0.6634571816946081,0.0,0.0,0.0,0.1321334503950834,0.2835820895522388,0.2111501316944689,0.2780555555555555,0.2844444444444444,0.2605555555555555
  +2023-04-21T08:20:00,1,0.6690508940852818,0.4009424298299529,0.8418667874943363,0.0,0.2835820895522388,0.2844444444444444,2023-04-21T08:20:00,2023-04-21T08:30:00,2023-04-21T08:30:00,0.0,1.0,0.0,0.3601100412654741,0.6697845025217782,0.3595598349381019,0.4228641671788568,0.4052448268797378,0.4257324318787134,0.6634571816946081,0.8358631626642502,0.6299275033982782,0.0,0.0,0.0,0.2111501316944689,0.2844600526777875,0.2436347673397717,0.2605555555555555,0.2816666666666667,0.2675
  +2023-04-21T08:30:00,1,0.6697845025217782,0.4052448268797378,0.8358631626642502,0.0,0.2844600526777875,0.2816666666666667,2023-04-21T08:30:00,2023-04-21T08:40:00,2023-04-21T08:40:00,0.0,1.0,0.0,0.3595598349381019,0.66941769830353,0.3601100412654741,0.4257324318787134,0.4095472239295226,0.4326982175783651,0.6299275033982782,0.8270276393294065,0.614182147711826,0.0,0.0,0.0,0.2436347673397717,0.2633889376646181,0.2370500438981563,0.2675,0.2869444444444444,0.2694444444444444
  +2023-04-21T08:40:00,1,0.66941769830353,0.4095472239295226,0.8270276393294065,0.0,0.2633889376646181,0.2869444444444444,2023-04-21T08:40:00,2023-04-21T08:50:00,2023-04-21T08:50:00,0.0,1.0,0.0,0.3601100412654741,0.6697845025217782,0.3590096286107286,0.4326982175783651,0.415078877279246,0.4363859864781807,0.614182147711826,0.8172859084730404,0.5952650657000452,0.0,0.0,0.0,0.2370500438981563,0.2348551360842844,0.252414398595259,0.2694444444444444,0.2994444444444444,0.2713888888888889
  +2023-04-21T08:50:00,1,0.6697845025217782,0.415078877279246,0.8172859084730404,0.0,0.2348551360842844,0.2994444444444444,2023-04-21T08:50:00,2023-04-21T09:00:00,2023-04-21T09:00:00,0.0,1.0,0.0,0.3590096286107286,0.669234296194406,0.3590096286107286,0.4363859864781807,0.4189715222290515,0.4431468961278427,0.5952650657000452,0.8048255550521068,0.5753285002265519,0.0,0.0,0.0,0.252414398595259,0.247585601404741,0.2568042142230026,0.2713888888888889,0.2983333333333333,0.2675
  +2023-04-21T09:00:00,1,0.669234296194406,0.4189715222290515,0.8048255550521068,0.0,0.247585601404741,0.2983333333333333,2023-04-21T09:00:00,2023-04-21T09:10:00,2023-04-21T09:10:00,0.0,1.0,0.0,0.3590096286107286,0.6689591930307198,0.3590096286107286,0.4431468961278427,0.4232739192788363,0.4482687973775865,0.5753285002265519,0.7914589941096511,0.5577707294970549,0.0,0.0,0.0,0.2568042142230026,0.2352941176470588,0.271729587357331,0.2675,0.3452777777777778,0.2802777777777778
  +2023-04-21T09:10:00,1,0.6689591930307198,0.4232739192788363,0.7914589941096511,0.0,0.2352941176470588,0.3452777777777778,2023-04-21T09:10:00,2023-04-21T09:20:00,2023-04-21T09:20:00,0.0,1.0,0.0,0.3590096286107286,0.6685923888124706,0.3589179275561665,0.4482687973775865,0.4240934234787953,0.4603564843269821,0.5577707294970549,0.7727684639782509,0.5447439963751699,0.0,0.0,0.0,0.271729587357331,0.2967515364354697,0.2177348551360843,0.2802777777777778,0.3272222222222222,0.2966666666666666
  +2023-04-21T09:20:00,1,0.6685923888124706,0.4240934234787953,0.7727684639782509,0.0,0.2967515364354697,0.3272222222222222,2023-04-21T09:20:00,2023-04-21T09:30:00,2023-04-21T09:30:00,0.0,1.0,0.0,0.3589179275561665,0.6687757909215958,0.357909215955983,0.4603564843269821,0.4277811923786109,0.4632247490268387,0.5447439963751699,0.7527186225645673,0.5186905301314001,0.0,0.0,0.0,0.2177348551360843,0.2366110623353819,0.2401229148375768,0.2966666666666666,0.3230555555555555,0.2777777777777778
  +2023-04-21T09:30:00,1,0.6687757909215958,0.4277811923786109,0.7527186225645673,0.0,0.2366110623353819,0.3230555555555555,2023-04-21T09:30:00,2023-04-21T09:40:00,2023-04-21T09:40:00,0.0,1.0,0.0,0.357909215955983,0.6687757909215958,0.357817514901421,0.4632247490268387,0.4308543331284573,0.4714197910264289,0.5186905301314001,0.7314227458087903,0.5009062075215224,0.0,0.0,0.0,0.2401229148375768,0.2699736611062336,0.2344161545215101,0.2777777777777778,0.3611111111111111,0.2658333333333333

[train_aws_10min.csv] column change:
  removed: ['air_pressure', 'air_temperature', 'code', 'precipitation', 'relative_humidity', 'timestamp', 'wind_direction', 'wind_speed']
  added:   ['air_pressure_1', 'air_pressure_2', 'air_temperature_1', 'air_temperature_2', 'code_1', 'code_2', 'precipitation_1', 'precipitation_2', 'relative_humidity_1', 'relative_humidity_2', 'tar_air_pressure_1', 'tar_air_pressure_2', 'tar_air_temperature_1', 'tar_air_temperature_2', 'tar_code_1', 'tar_code_2', 'tar_precipitation_1', 'tar_precipitation_2', 'tar_relative_humidity_1', 'tar_relative_humidity_2', 'tar_timestamp_1', 'tar_timestamp_2', 'tar_wind_direction_1', 'tar_wind_direction_2', 'tar_wind_speed_1', 'tar_wind_speed_2', 'timestamp_1', 'timestamp_2', 'wind_direction_1', 'wind_direction_2', 'wind_speed_1', 'wind_speed_2']
  payload size 68,306,213 -> 138,141,954 bytes (+69,835,741): the data did change
  first 20 lines at each revision (head sample, not a diff of the whole file):
  --- train_aws_10min.csv@c1e55b9082
  +++ train_aws_10min.csv@a2061d30db
  @@ -1,20 +1,20 @@
  -timestamp,code,air_pressure,air_temperature,relative_humidity,precipitation,wind_speed,wind_direction
  -2017-11-17T00:00:00,1,0.79092159559835,0.4431468961278427,0.7543044857272315,0.0,0.3213345039508341,0.0094444444444444
  -2017-11-17T00:00:00,0,0.4745529573590093,0.3550501946322474,0.9818758495695517,0.0,0.0724319578577699,0.6261111111111112
  -2017-11-17T00:10:00,0,0.4749197615772575,0.3558696988322065,0.9826687811508836,0.0,0.0877963125548727,0.6544444444444444
  -2017-11-17T00:10:00,1,0.7914718019257222,0.4423273919278836,0.7433167195287721,0.0,0.2809482001755927,0.0163888888888888
  -2017-11-17T00:20:00,0,0.4756533700137549,0.3558696988322065,0.983235160851835,0.0,0.088235294117647,0.6419444444444444
  -2017-11-17T00:20:00,1,0.7920220082530944,0.4421225158778938,0.7332351608518352,0.0,0.2897278314310799,0.0163888888888888
  -2017-11-17T00:30:00,1,0.7924805135259047,0.4410981356279451,0.7211146352514726,0.0,0.3081650570676032,0.0097222222222222
  -2017-11-17T00:30:00,0,0.4767537826685005,0.356279450932186,0.9840280924331672,0.0,0.0583845478489903,0.6133333333333334
  -2017-11-17T00:40:00,1,0.7920220082530944,0.4410981356279451,0.7085410058903489,0.0,0.3072870939420544,0.0191666666666666
  -2017-11-17T00:40:00,0,0.4767537826685005,0.357098955132145,0.9845944721341188,0.0,0.0548726953467954,0.6119444444444445
  -2017-11-17T00:50:00,0,0.4760201742320031,0.3564843269821757,0.98504757589488,0.0,0.0553116769095698,0.5616666666666666
  -2017-11-17T00:50:00,1,0.7920220082530944,0.4400737553779963,0.6948346171273222,0.0,0.2888498683055312,0.0252777777777777
  -2017-11-17T01:00:00,1,0.7921137093076565,0.4394591272280271,0.6859990937924785,0.0,0.276558384547849,0.0244444444444444
  -2017-11-17T01:00:00,0,0.4756533700137549,0.3564843269821757,0.9856139555958316,0.0,0.0676031606672519,0.5280555555555555
  -2017-11-17T01:10:00,0,0.4766620816139384,0.3573038311821348,0.9860670593565928,0.0,0.0697980684811238,0.5877777777777777
  -2017-11-17T01:10:00,1,0.7929390187987149,0.4392542511780372,0.6812415043044857,0.0,0.2774363476733977,0.0077777777777777
  -2017-11-17T01:20:00,0,0.4767537826685005,0.357918459332104,0.9862936112369732,0.0,0.0873573309920983,0.6033333333333333
  -2017-11-17T01:20:00,1,0.793122420907841,0.438639623028068,0.6789759855006796,0.0,0.2906057945566286,0.0247222222222222
  -2017-11-17T01:30:00,1,0.7953232462173301,0.437820118828109,0.6746714997734481,0.0,0.276558384547849,0.0161111111111111
  +timestamp_1,code_1,air_pressure_1,air_temperature_1,relative_humidity_1,precipitation_1,wind_speed_1,wind_direction_1,timestamp_2,tar_timestamp_1,tar_timestamp_2,code_2,tar_code_1,tar_code_2,air_pressure_2,tar_air_pressure_1,tar_air_pressure_2,air_temperature_2,tar_air_temperature_1,tar_air_temperature_2,relative_humidity_2,tar_relative_humidity_1,tar_relative_humidity_2,precipitation_2,tar_precipitation_1,tar_precipitation_2,wind_speed_2,tar_wind_speed_1,tar_wind_speed_2,wind_direction_2,tar_wind_direction_1,tar_wind_direction_2
  +2017-11-17T00:00:00,1,0.79092159559835,0.4431468961278427,0.7543044857272315,0.0,0.3213345039508341,0.0094444444444444,2017-11-17T00:00:00,2017-11-17T00:10:00,2017-11-17T00:10:00,0.0,0.0,1.0,0.4745529573590093,0.4749197615772575,0.7914718019257222,0.3550501946322474,0.3558696988322065,0.4423273919278836,0.9818758495695517,0.9826687811508836,0.7433167195287721,0.0,0.0,0.0,0.0724319578577699,0.0877963125548727,0.2809482001755927,0.6261111111111112,0.6544444444444444,0.0163888888888888
  +2017-11-17T00:10:00,0,0.4749197615772575,0.3558696988322065,0.9826687811508836,0.0,0.0877963125548727,0.6544444444444444,2017-11-17T00:10:00,2017-11-17T00:20:00,2017-11-17T00:20:00,1.0,0.0,1.0,0.7914718019257222,0.4756533700137549,0.7920220082530944,0.4423273919278836,0.3558696988322065,0.4421225158778938,0.7433167195287721,0.983235160851835,0.7332351608518352,0.0,0.0,0.0,0.2809482001755927,0.088235294117647,0.2897278314310799,0.0163888888888888,0.6419444444444444,0.0163888888888888
  +2017-11-17T00:20:00,0,0.4756533700137549,0.3558696988322065,0.983235160851835,0.0,0.088235294117647,0.6419444444444444,2017-11-17T00:20:00,2017-11-17T00:30:00,2017-11-17T00:30:00,1.0,1.0,0.0,0.7920220082530944,0.7924805135259047,0.4767537826685005,0.4421225158778938,0.4410981356279451,0.356279450932186,0.7332351608518352,0.7211146352514726,0.9840280924331672,0.0,0.0,0.0,0.2897278314310799,0.3081650570676032,0.0583845478489903,0.0163888888888888,0.0097222222222222,0.6133333333333334
  +2017-11-17T00:30:00,1,0.7924805135259047,0.4410981356279451,0.7211146352514726,0.0,0.3081650570676032,0.0097222222222222,2017-11-17T00:30:00,2017-11-17T00:40:00,2017-11-17T00:40:00,0.0,1.0,0.0,0.4767537826685005,0.7920220082530944,0.4767537826685005,0.356279450932186,0.4410981356279451,0.357098955132145,0.9840280924331672,0.7085410058903489,0.9845944721341188,0.0,0.0,0.0,0.0583845478489903,0.3072870939420544,0.0548726953467954,0.6133333333333334,0.0191666666666666,0.6119444444444445
  +2017-11-17T00:40:00,1,0.7920220082530944,0.4410981356279451,0.7085410058903489,0.0,0.3072870939420544,0.0191666666666666,2017-11-17T00:40:00,2017-11-17T00:50:00,2017-11-17T00:50:00,0.0,0.0,1.0,0.4767537826685005,0.4760201742320031,0.7920220082530944,0.357098955132145,0.3564843269821757,0.4400737553779963,0.9845944721341188,0.98504757589488,0.6948346171273222,0.0,0.0,0.0,0.0548726953467954,0.0553116769095698,0.2888498683055312,0.6119444444444445,0.5616666666666666,0.0252777777777777
  +2017-11-17T00:50:00,0,0.4760201742320031,0.3564843269821757,0.98504757589488,0.0,0.0553116769095698,0.5616666666666666,2017-11-17T00:50:00,2017-11-17T01:00:00,2017-11-17T01:00:00,1.0,1.0,0.0,0.7920220082530944,0.7921137093076565,0.4756533700137549,0.4400737553779963,0.4394591272280271,0.3564843269821757,0.6948346171273222,0.6859990937924785,0.9856139555958316,0.0,0.0,0.0,0.2888498683055312,0.276558384547849,0.0676031606672519,0.0252777777777777,0.0244444444444444,0.5280555555555555
  +2017-11-17T01:00:00,1,0.7921137093076565,0.4394591272280271,0.6859990937924785,0.0,0.276558384547849,0.0244444444444444,2017-11-17T01:00:00,2017-11-17T01:10:00,2017-11-17T01:10:00,0.0,0.0,1.0,0.4756533700137549,0.4766620816139384,0.7929390187987149,0.3564843269821757,0.3573038311821348,0.4392542511780372,0.9856139555958316,0.9860670593565928,0.6812415043044857,0.0,0.0,0.0,0.0676031606672519,0.0697980684811238,0.2774363476733977,0.5280555555555555,0.5877777777777777,0.0077777777777777
  +2017-11-17T01:10:00,0,0.4766620816139384,0.3573038311821348,0.9860670593565928,0.0,0.0697980684811238,0.5877777777777777,2017-11-17T01:10:00,2017-11-17T01:20:00,2017-11-17T01:20:00,1.0,0.0,1.0,0.7929390187987149,0.4767537826685005,0.793122420907841,0.4392542511780372,0.357918459332104,0.438639623028068,0.6812415043044857,0.9862936112369732,0.6789759855006796,0.0,0.0,0.0,0.2774363476733977,0.0873573309920983,0.2906057945566286,0.0077777777777777,0.6033333333333333,0.0247222222222222
  +2017-11-17T01:20:00,0,0.4767537826685005,0.357918459332104,0.9862936112369732,0.0,0.0873573309920983,0.6033333333333333,2017-11-17T01:20:00,2017-11-17T01:30:00,2017-11-17T01:30:00,1.0,1.0,0.0,0.793122420907841,0.7953232462173301,0.4767537826685005,0.438639623028068,0.437820118828109,0.3581233353820938,0.6789759855006796,0.6746714997734481,0.986633439057544,0.0,0.0,0.0,0.2906057945566286,0.276558384547849,0.0987708516242318,0.0247222222222222,0.0161111111111111,0.5711111111111111
  +2017-11-17T01:30:00,1,0.7953232462173301,0.437820118828109,0.6746714997734481,0.0,0.276558384547849,0.0161111111111111,2017-11-17T01:30:00,2017-11-17T01:40:00,2017-11-17T01:40:00,0.0,1.0,0.0,0.4767537826685005,0.7953232462173301,0.475836772122879,0.3581233353820938,0.4372054906781397,0.3587379635320631,0.986633439057544,0.6704802899864069,0.986973266878115,0.0,0.0,0.0,0.0987708516242318,0.2423178226514487,0.0856014047410008,0.5711111111111111,0.0319444444444444,0.5988888888888889
  +2017-11-17T01:40:00,1,0.7953232462173301,0.4372054906781397,0.6704802899864069,0.0,0.2423178226514487,0.0319444444444444,2017-11-17T01:40:00,2017-11-17T01:50:00,2017-11-17T01:50:00,0.0,0.0,1.0,0.475836772122879,0.4761118752865651,0.7964236588720768,0.3587379635320631,0.3593525916820323,0.4370006146281499,0.986973266878115,0.9874263706388764,0.6643633892161306,0.0,0.0,0.0,0.0856014047410008,0.0864793678665496,0.2712906057945566,0.5988888888888889,0.6022222222222222,0.0386111111111111
  +2017-11-17T01:50:00,0,0.4761118752865651,0.3593525916820323,0.9874263706388764,0.0,0.0864793678665496,0.6022222222222222,2017-11-17T01:50:00,2017-11-17T02:00:00,2017-11-17T02:00:00,1.0,1.0,0.0,0.7964236588720768,0.7973406694176972,0.4767537826685005,0.4370006146281499,0.4367957385781602,0.3595574677320221,0.6643633892161306,0.6539420027186226,0.9875396465790668,0.0,0.0,0.0,0.2712906057945566,0.2598770851624232,0.1035996488147497,0.0386111111111111,0.03,0.6213888888888889
  +2017-11-17T02:00:00,1,0.7973406694176972,0.4367957385781602,0.6539420027186226,0.0,0.2598770851624232,0.03,2017-11-17T02:00:00,2017-11-17T02:10:00,2017-11-17T02:10:00,0.0,1.0,0.0,0.4767537826685005,0.7974323704722592,0.4763869784502523,0.3595574677320221,0.4357713583282114,0.3595574677320221,0.9875396465790668,0.6425011327594019,0.9879927503398278,0.0,0.0,0.0,0.1035996488147497,0.2388059701492537,0.1040386303775241,0.6213888888888889,0.0297222222222222,0.6280555555555556
  +2017-11-17T02:10:00,1,0.7974323704722592,0.4357713583282114,0.6425011327594019,0.0,0.2388059701492537,0.0297222222222222,2017-11-17T02:10:00,2017-11-17T02:20:00,2017-11-17T02:20:00,0.0,0.0,1.0,0.4763869784502523,0.4756533700137549,0.7983493810178818,0.3595574677320221,0.3599672198320016,0.4351567301782422,0.9879927503398278,0.9881060262800182,0.6361576801087448,0.0,0.0,0.0,0.1040386303775241,0.1167690956979807,0.2212467076382792,0.6280555555555556,0.6152777777777778,0.0358333333333333
  +2017-11-17T02:20:00,0,0.4756533700137549,0.3599672198320016,0.9881060262800182,0.0,0.1167690956979807,0.6152777777777778,2017-11-17T02:20:00,2017-11-17T02:30:00,2017-11-17T02:30:00,1.0,0.0,1.0,0.7983493810178818,0.4756533700137549,0.7986244841815678,0.4351567301782422,0.3605818479819709,0.4347469780782626,0.6361576801087448,0.9885591300407792,0.6342319891255097,0.0,0.0,0.0,0.2212467076382792,0.1022827041264267,0.2361720807726075,0.0358333333333333,0.6261111111111112,0.0583333333333333
  +2017-11-17T02:30:00,0,0.4756533700137549,0.3605818479819709,0.9885591300407792,0.0,0.1022827041264267,0.6261111111111112,2017-11-17T02:30:00,2017-11-17T02:40:00,2017-11-17T02:40:00,1.0,1.0,0.0,0.7986244841815678,0.7986244841815678,0.4765703805593764,0.4347469780782626,0.4345421020282728,0.3611964761319401,0.6342319891255097,0.6290212958767558,0.9886724059809696,0.0,0.0,0.0,0.2361720807726075,0.2172958735733099,0.0939420544337138,0.0583333333333333,0.0630555555555555,0.62
  +2017-11-17T02:40:00,1,0.7986244841815678,0.4345421020282728,0.6290212958767558,0.0,0.2172958735733099,0.0630555555555555,2017-11-17T02:40:00,2017-11-17T02:50:00,2017-11-17T02:50:00,0.0,0.0,1.0,0.4765703805593764,0.4757450710683169,0.7997248968363124,0.3611964761319401,0.3614013521819299,0.4337225978283139,0.9886724059809696,0.989125509741731,0.623470774807431,0.0,0.0,0.0,0.0939420544337138,0.0948200175592625,0.2019315188762072,0.62,0.6197222222222222,0.0725
  +2017-11-17T02:50:00,0,0.4757450710683169,0.3614013521819299,0.989125509741731,0.0,0.0948200175592625,0.6197222222222222,2017-11-17T02:50:00,2017-11-17T03:00:00,2017-11-17T03:00:00,1.0,1.0,0.0,0.7997248968363124,0.7995414947271883,0.4767537826685005,0.4337225978283139,0.4335177217783241,0.3620159803318992,0.623470774807431,0.6214318078840054,0.989125509741731,0.0,0.0,0.0,0.2019315188762072,0.1861281826163301,0.0908691834942932,0.0725,0.0519444444444444,0.645
  +2017-11-17T03:00:00,1,0.7995414947271883,0.4335177217783241,0.6214318078840054,0.0,0.1861281826163301,0.0519444444444444,2017-11-17T03:00:00,2017-11-17T03:10:00,2017-11-17T03:10:00,0.0,0.0,1.0,0.4767537826685005,0.4767537826685005,0.7997248968363124,0.3620159803318992,0.3614013521819299,0.4343372259782831,0.989125509741731,0.9894653375623016,0.6222247394653376,0.0,0.0,0.0,0.0908691834942932,0.0873573309920983,0.1949078138718174,0.645,0.6466666666666667,0.0497222222222222
